time,lat,lon,elevation,accuracy,bearing,speed
2014-11-05T13:04:53Z,39.649726,-79.960512,0.000000,30.000000,0.000000,0.000000
2014-11-05T13:05:57Z,39.649464,-79.960549,262.000000,14.000000,0.000000,0.000000
2014-11-05T13:07:07Z,39.649455,-79.960561,280.000000,19.000000,0.000000,0.000000
2014-11-05T13:08:10Z,39.649465,-79.960566,283.000000,17.000000,0.000000,0.000000
2014-11-05T13:09:15Z,39.649640,-79.960473,0.000000,27.521000,0.000000,0.000000
2014-11-05T13:10:20Z,39.649502,-79.960543,298.000000,17.000000,0.000000,0.000000
2014-11-05T13:11:25Z,39.649634,-79.960499,0.000000,29.450001,0.000000,0.000000
2014-11-05T13:12:29Z,39.649719,-79.960788,365.000000,19.000000,0.000000,0.000000
2014-11-05T13:13:34Z,39.649638,-79.960478,0.000000,20.000000,0.000000,0.000000
2014-11-05T13:14:46Z,39.649734,-79.960508,0.000000,30.000000,0.000000,0.000000
2014-11-05T13:15:50Z,39.649649,-79.960477,0.000000,20.000000,0.000000,0.000000
2014-11-05T13:16:53Z,39.649557,-79.960596,310.000000,11.000000,231.000000,0.870517
2014-11-05T13:17:57Z,39.649477,-79.960654,282.000000,12.000000,0.000000,0.000000
2014-11-05T13:18:58Z,39.649641,-79.960480,0.000000,20.000000,0.000000,0.000000
2014-11-05T13:20:01Z,39.649514,-79.960653,284.000000,17.000000,0.000000,0.000000
2014-11-05T13:21:09Z,39.649548,-79.960654,284.000000,9.000000,0.000000,0.000000
2014-11-05T13:22:12Z,39.649546,-79.960644,284.000000,17.000000,0.000000,0.000000
2014-11-05T13:23:27Z,39.649552,-79.960643,284.000000,9.000000,355.700012,1.209297
2014-11-05T13:24:39Z,39.649541,-79.960559,301.000000,10.000000,0.000000,0.000000
2014-11-05T13:25:43Z,39.649566,-79.960701,285.000000,8.000000,0.000000,0.140000
2014-11-05T13:26:47Z,39.649623,-79.960560,309.000000,13.000000,43.799999,2.082907
2014-11-05T13:27:51Z,39.649301,-79.960466,269.000000,18.000000,0.000000,0.000000
2014-11-05T13:28:55Z,39.649627,-79.960481,0.000000,37.995998,0.000000,0.000000
2014-11-05T13:29:59Z,39.649432,-79.960482,275.000000,14.000000,0.000000,0.000000
2014-11-05T13:31:04Z,39.649638,-79.960476,0.000000,20.000000,0.000000,0.000000
2014-11-05T13:32:08Z,39.649616,-79.960460,0.000000,37.023998,0.000000,0.000000
2014-11-05T13:33:12Z,39.649494,-79.960477,302.000000,14.000000,0.000000,0.000000
2014-11-05T13:34:17Z,39.649723,-79.960489,0.000000,30.000000,0.000000,0.000000
2014-11-05T13:35:21Z,39.649628,-79.960455,0.000000,20.000000,0.000000,0.000000
2014-11-05T13:36:25Z,39.649453,-79.960491,297.000000,16.000000,0.000000,0.000000
2014-11-05T13:37:30Z,39.649610,-79.960443,0.000000,36.502998,0.000000,0.000000
2014-11-05T13:38:34Z,39.649627,-79.960497,0.000000,20.000000,0.000000,0.000000
2014-11-05T13:40:02Z,39.649532,-79.960673,284.000000,17.000000,333.700012,1.085587
2014-11-05T13:41:06Z,39.649641,-79.960494,0.000000,20.000000,0.000000,0.000000
2014-11-05T13:42:10Z,39.649648,-79.960496,0.000000,20.000000,0.000000,0.000000
2014-11-05T13:43:15Z,39.649677,-79.960498,0.000000,30.000000,0.000000,0.000000
2014-11-05T13:44:19Z,39.649635,-79.960494,0.000000,20.000000,0.000000,0.000000
2014-11-05T13:45:23Z,39.649648,-79.960491,0.000000,20.000000,0.000000,0.000000
2014-11-05T13:46:26Z,39.649699,-79.960474,0.000000,30.000000,0.000000,0.000000
2014-11-05T13:47:32Z,39.649611,-79.960475,0.000000,20.000000,0.000000,0.000000
2014-11-05T13:48:36Z,39.649610,-79.960470,0.000000,36.443001,0.000000,0.000000
2014-11-05T13:49:40Z,39.649609,-79.960460,0.000000,36.376999,0.000000,0.000000
2014-11-05T13:50:46Z,39.649597,-79.960362,0.000000,36.146999,0.000000,0.000000
2014-11-05T13:51:50Z,39.649875,-79.960663,278.000000,18.000000,289.000000,0.427551
2014-11-05T13:52:50Z,39.651985,-79.964245,0.000000,1887.000000,0.000000,0.000000
2014-11-05T13:53:52Z,39.651985,-79.964245,0.000000,1887.000000,0.000000,0.000000
2014-11-05T13:55:14Z,39.651985,-79.964245,0.000000,1887.000000,0.000000,0.000000
2014-11-05T13:56:18Z,39.649445,-79.963898,301.000000,6.000000,289.000000,1.297575
2014-11-05T13:57:19Z,39.649569,-79.964319,0.000000,40.500000,0.000000,0.000000
2014-11-05T13:58:21Z,39.651985,-79.964245,0.000000,1887.000000,0.000000,0.000000
2014-11-05T13:59:25Z,39.651985,-79.964245,0.000000,1887.000000,0.000000,0.000000
2014-11-05T14:00:26Z,39.646879,-79.958221,316.000000,4.000000,133.899994,13.795796
2014-11-05T14:01:27Z,39.651985,-79.964245,0.000000,1887.000000,0.000000,0.000000
2014-11-05T14:02:27Z,39.639801,-79.955072,0.000000,2194.000000,0.000000,0.000000
2014-11-05T14:03:30Z,39.639801,-79.955072,0.000000,2194.000000,0.000000,0.000000
2014-11-05T14:04:32Z,39.639801,-79.955072,0.000000,2194.000000,0.000000,0.000000
2014-11-05T14:05:33Z,39.639801,-79.955072,0.000000,2194.000000,0.000000,0.000000
2014-11-05T14:06:34Z,39.639801,-79.955072,0.000000,2194.000000,0.000000,0.000000
2014-11-05T14:07:34Z,39.639801,-79.955072,0.000000,2194.000000,0.000000,0.000000
2014-11-05T14:08:35Z,39.639801,-79.955072,0.000000,2194.000000,0.000000,0.000000
2014-11-05T14:09:35Z,39.639801,-79.955072,0.000000,2194.000000,0.000000,0.000000
2014-11-05T14:10:35Z,39.651061,-79.976032,0.000000,2658.000000,0.000000,0.000000
2014-11-05T14:11:35Z,39.651061,-79.976032,0.000000,2658.000000,0.000000,0.000000
2014-11-05T14:12:36Z,39.651061,-79.976032,0.000000,2658.000000,0.000000,0.000000
2014-11-05T14:13:36Z,39.651061,-79.976032,0.000000,2658.000000,0.000000,0.000000
2014-11-05T14:14:36Z,39.651061,-79.976032,0.000000,2658.000000,0.000000,0.000000
2014-11-05T14:15:37Z,39.651061,-79.976032,0.000000,2658.000000,0.000000,0.000000
2014-11-05T14:16:41Z,39.651061,-79.976032,0.000000,2658.000000,0.000000,0.000000
2014-11-05T14:17:41Z,39.651061,-79.976032,0.000000,2658.000000,0.000000,0.000000
2014-11-05T14:18:41Z,39.651061,-79.976032,0.000000,2658.000000,0.000000,0.000000
2014-11-05T14:19:53Z,39.651061,-79.976032,0.000000,2658.000000,0.000000,0.000000
2014-11-05T14:20:53Z,39.651061,-79.976032,0.000000,2658.000000,0.000000,0.000000
2014-11-05T14:21:56Z,39.651061,-79.976032,0.000000,2658.000000,0.000000,0.000000
2014-11-05T14:22:57Z,39.651061,-79.976032,0.000000,2658.000000,0.000000,0.000000
2014-11-05T14:23:58Z,39.651061,-79.976032,0.000000,2658.000000,0.000000,0.000000
2014-11-05T14:24:59Z,39.651061,-79.976032,0.000000,2658.000000,0.000000,0.000000
2014-11-05T14:26:00Z,39.651061,-79.976032,0.000000,2658.000000,0.000000,0.000000
2014-11-05T14:27:01Z,39.651061,-79.976032,0.000000,2658.000000,0.000000,0.000000
2014-11-05T14:28:01Z,39.651061,-79.976032,0.000000,2658.000000,0.000000,0.000000
2014-11-05T14:29:02Z,39.651061,-79.976032,0.000000,2658.000000,0.000000,0.000000
2014-11-05T14:30:02Z,39.651061,-79.976032,0.000000,2658.000000,0.000000,0.000000
2014-11-05T14:31:02Z,39.651061,-79.976032,0.000000,2658.000000,0.000000,0.000000
2014-11-05T14:32:02Z,39.651061,-79.976032,0.000000,2658.000000,0.000000,0.000000
2014-11-05T14:33:03Z,39.651061,-79.976032,0.000000,2658.000000,0.000000,0.000000
2014-11-05T14:34:03Z,39.651061,-79.976032,0.000000,2658.000000,0.000000,0.000000
2014-11-05T14:35:04Z,39.651061,-79.976032,0.000000,2658.000000,0.000000,0.000000
2014-11-05T14:36:05Z,39.651061,-79.976032,0.000000,2658.000000,0.000000,0.000000
2014-11-05T14:37:09Z,39.651061,-79.976032,0.000000,2658.000000,0.000000,0.000000
2014-11-05T14:38:10Z,39.651061,-79.976032,0.000000,2658.000000,0.000000,0.000000
2014-11-05T14:39:13Z,39.651061,-79.976032,0.000000,2658.000000,0.000000,0.000000
2014-11-05T14:40:13Z,39.651061,-79.976032,0.000000,2658.000000,0.000000,0.000000
2014-11-05T14:41:14Z,39.651061,-79.976032,0.000000,2658.000000,0.000000,0.000000
2014-11-05T14:42:15Z,39.651061,-79.976032,0.000000,2658.000000,0.000000,0.000000
2014-11-05T14:43:15Z,39.651061,-79.976032,0.000000,2658.000000,0.000000,0.000000
2014-11-05T14:44:23Z,39.651061,-79.976032,0.000000,2658.000000,0.000000,0.000000
2014-11-05T14:45:24Z,39.651061,-79.976032,0.000000,2658.000000,0.000000,0.000000
2014-11-05T14:46:26Z,39.651061,-79.976032,0.000000,2658.000000,0.000000,0.000000
2014-11-05T14:47:27Z,39.651061,-79.976032,0.000000,2658.000000,0.000000,0.000000
2014-11-05T14:48:27Z,39.651061,-79.976032,0.000000,2658.000000,0.000000,0.000000
2014-11-05T14:49:28Z,39.651061,-79.976032,0.000000,2658.000000,0.000000,0.000000
2014-11-05T14:50:29Z,39.651061,-79.976032,0.000000,2658.000000,0.000000,0.000000
2014-11-05T14:51:37Z,39.651061,-79.976032,0.000000,2658.000000,0.000000,0.000000
2014-11-05T14:52:54Z,39.651061,-79.976032,0.000000,2658.000000,0.000000,0.000000
2014-11-05T14:53:56Z,39.651061,-79.976032,0.000000,2658.000000,0.000000,0.000000
2014-11-05T14:54:57Z,39.651061,-79.976032,0.000000,2658.000000,0.000000,0.000000
2014-11-05T14:55:58Z,39.651061,-79.976032,0.000000,2658.000000,0.000000,0.000000
2014-11-05T14:56:59Z,39.651061,-79.976032,0.000000,2658.000000,0.000000,0.000000
2014-11-05T14:58:01Z,39.651061,-79.976032,0.000000,2658.000000,0.000000,0.000000
2014-11-05T14:59:06Z,39.651061,-79.976032,0.000000,2658.000000,0.000000,0.000000
2014-11-05T15:00:06Z,39.651061,-79.976032,0.000000,2658.000000,0.000000,0.000000
2014-11-05T15:01:07Z,39.651061,-79.976032,0.000000,2658.000000,0.000000,0.000000
2014-11-05T15:02:07Z,39.640781,-79.960016,0.000000,2130.000000,0.000000,0.000000
2014-11-05T15:03:07Z,39.640781,-79.960016,0.000000,2130.000000,0.000000,0.000000
2014-11-05T15:04:08Z,39.640781,-79.960016,0.000000,2130.000000,0.000000,0.000000
2014-11-05T15:05:13Z,39.640781,-79.960016,0.000000,2130.000000,0.000000,0.000000
2014-11-05T15:06:13Z,39.640781,-79.960016,0.000000,2130.000000,0.000000,0.000000
2014-11-05T15:07:17Z,39.640781,-79.960016,0.000000,2130.000000,0.000000,0.000000
2014-11-05T15:08:19Z,39.640781,-79.960016,0.000000,2130.000000,0.000000,0.000000
2014-11-05T15:09:19Z,39.640781,-79.960016,0.000000,2130.000000,0.000000,0.000000
2014-11-05T15:10:19Z,39.640781,-79.960016,0.000000,2130.000000,0.000000,0.000000
2014-11-05T15:11:20Z,39.640781,-79.960016,0.000000,2130.000000,0.000000,0.000000
2014-11-05T15:12:20Z,39.640781,-79.960016,0.000000,2130.000000,0.000000,0.000000
2014-11-05T15:13:20Z,39.640781,-79.960016,0.000000,2130.000000,0.000000,0.000000
2014-11-05T15:14:21Z,39.640781,-79.960016,0.000000,2130.000000,0.000000,0.000000
2014-11-05T15:15:21Z,39.640781,-79.960016,0.000000,2130.000000,0.000000,0.000000
2014-11-05T15:16:21Z,39.640781,-79.960016,0.000000,2130.000000,0.000000,0.000000
2014-11-05T15:17:21Z,39.640781,-79.960016,0.000000,2130.000000,0.000000,0.000000
2014-11-05T15:18:22Z,39.640781,-79.960016,0.000000,2130.000000,0.000000,0.000000
2014-11-05T15:19:22Z,39.640781,-79.960016,0.000000,2130.000000,0.000000,0.000000
2014-11-05T15:20:22Z,39.640781,-79.960016,0.000000,2130.000000,0.000000,0.000000
2014-11-05T15:21:23Z,39.640781,-79.960016,0.000000,2130.000000,0.000000,0.000000
2014-11-05T15:22:23Z,39.640781,-79.960016,0.000000,2130.000000,0.000000,0.000000
2014-11-05T15:23:23Z,39.640781,-79.960016,0.000000,2130.000000,0.000000,0.000000
2014-11-05T15:24:24Z,39.644972,-79.973087,316.000000,46.000000,0.000000,0.000000
2014-11-05T15:25:24Z,39.640781,-79.960016,0.000000,2130.000000,0.000000,0.000000
2014-11-05T15:26:25Z,39.640781,-79.960016,0.000000,2130.000000,0.000000,0.000000
2014-11-05T15:27:26Z,39.640781,-79.960016,0.000000,2130.000000,0.000000,0.000000
2014-11-05T15:28:26Z,39.640781,-79.960016,0.000000,2130.000000,0.000000,0.000000
2014-11-05T15:29:26Z,39.640781,-79.960016,0.000000,2130.000000,0.000000,0.000000
2014-11-05T15:30:27Z,39.640781,-79.960016,0.000000,2130.000000,0.000000,0.000000
2014-11-05T15:31:27Z,39.640781,-79.960016,0.000000,2130.000000,0.000000,0.000000
2014-11-05T15:32:27Z,39.640781,-79.960016,0.000000,2130.000000,0.000000,0.000000
2014-11-05T15:33:28Z,39.640781,-79.960016,0.000000,2130.000000,0.000000,0.000000
2014-11-05T15:34:28Z,39.640781,-79.960016,0.000000,2130.000000,0.000000,0.000000
2014-11-05T15:35:34Z,39.640781,-79.960016,0.000000,2130.000000,0.000000,0.000000
2014-11-05T15:36:35Z,39.640781,-79.960016,0.000000,2130.000000,0.000000,0.000000
2014-11-05T15:37:35Z,39.640781,-79.960016,0.000000,2130.000000,0.000000,0.000000
2014-11-05T15:38:36Z,39.640781,-79.960016,0.000000,2130.000000,0.000000,0.000000
2014-11-05T15:39:37Z,39.640781,-79.960016,0.000000,2130.000000,0.000000,0.000000
2014-11-05T15:40:39Z,39.640781,-79.960016,0.000000,2130.000000,0.000000,0.000000
2014-11-05T15:41:39Z,39.640781,-79.960016,0.000000,2130.000000,0.000000,0.000000
2014-11-05T15:42:52Z,39.640781,-79.960016,0.000000,2130.000000,0.000000,0.000000
2014-11-05T15:43:53Z,39.640781,-79.960016,0.000000,2130.000000,0.000000,0.000000
2014-11-05T15:44:53Z,39.640781,-79.960016,0.000000,2130.000000,0.000000,0.000000
2014-11-05T15:45:54Z,39.640781,-79.960016,0.000000,2130.000000,0.000000,0.000000
2014-11-05T15:46:54Z,39.640781,-79.960016,0.000000,2130.000000,0.000000,0.000000
2014-11-05T15:47:55Z,39.640781,-79.960016,0.000000,2130.000000,0.000000,0.000000
2014-11-05T15:48:55Z,39.640781,-79.960016,0.000000,2130.000000,0.000000,0.000000
2014-11-05T15:49:55Z,39.640781,-79.960016,0.000000,2130.000000,0.000000,0.000000
2014-11-05T15:50:56Z,39.645435,-79.972930,325.000000,134.000000,0.000000,0.000000
2014-11-05T15:51:57Z,39.640781,-79.960016,0.000000,2130.000000,0.000000,0.000000
2014-11-05T15:52:57Z,39.640792,-79.960019,0.000000,2132.000000,0.000000,0.000000
2014-11-05T15:53:58Z,39.640792,-79.960019,0.000000,2132.000000,0.000000,0.000000
2014-11-05T15:54:59Z,39.640792,-79.960019,0.000000,2132.000000,0.000000,0.000000
2014-11-05T15:56:00Z,39.640792,-79.960019,0.000000,2132.000000,0.000000,0.000000
2014-11-05T15:57:00Z,39.640792,-79.960019,0.000000,2132.000000,0.000000,0.000000
2014-11-05T15:58:01Z,39.640792,-79.960019,0.000000,2132.000000,0.000000,0.000000
2014-11-05T15:59:09Z,39.640792,-79.960019,0.000000,2132.000000,0.000000,0.000000
2014-11-05T16:00:10Z,39.640792,-79.960019,0.000000,2132.000000,0.000000,0.000000
2014-11-05T16:01:10Z,39.640792,-79.960019,0.000000,2132.000000,0.000000,0.000000
2014-11-05T16:02:11Z,39.640792,-79.960019,0.000000,2132.000000,0.000000,0.000000
2014-11-05T16:03:12Z,39.640792,-79.960019,0.000000,2132.000000,0.000000,0.000000
2014-11-05T16:04:12Z,39.640792,-79.960019,0.000000,2132.000000,0.000000,0.000000
2014-11-05T16:05:13Z,39.640792,-79.960019,0.000000,2132.000000,0.000000,0.000000
2014-11-05T16:06:13Z,39.640792,-79.960019,0.000000,2132.000000,0.000000,0.000000
2014-11-05T16:07:18Z,39.645680,-79.972314,275.000000,159.000000,0.000000,0.000000
2014-11-05T16:08:24Z,39.640792,-79.960019,0.000000,2132.000000,0.000000,0.000000
2014-11-05T16:09:25Z,39.640792,-79.960019,0.000000,2132.000000,0.000000,0.000000
2014-11-05T16:10:28Z,39.640792,-79.960019,0.000000,2132.000000,0.000000,0.000000
2014-11-05T16:11:29Z,39.640792,-79.960019,0.000000,2132.000000,0.000000,0.000000
2014-11-05T16:12:31Z,39.640792,-79.960019,0.000000,2132.000000,0.000000,0.000000
2014-11-05T16:13:31Z,39.640792,-79.960019,0.000000,2132.000000,0.000000,0.000000
2014-11-05T16:14:32Z,39.640792,-79.960019,0.000000,2132.000000,0.000000,0.000000
2014-11-05T16:15:33Z,39.640792,-79.960019,0.000000,2132.000000,0.000000,0.000000
2014-11-05T16:16:33Z,39.640792,-79.960019,0.000000,2132.000000,0.000000,0.000000
2014-11-05T16:17:35Z,39.640792,-79.960019,0.000000,2132.000000,0.000000,0.000000
2014-11-05T16:18:35Z,39.640792,-79.960019,0.000000,2132.000000,0.000000,0.000000
2014-11-05T16:19:36Z,39.640792,-79.960019,0.000000,2132.000000,0.000000,0.000000
2014-11-05T16:20:40Z,39.634223,-79.988702,0.000000,2509.000000,0.000000,0.000000
2014-11-05T16:21:40Z,39.634223,-79.988702,0.000000,2509.000000,0.000000,0.000000
2014-11-05T16:23:00Z,39.634223,-79.988702,0.000000,2509.000000,0.000000,0.000000
2014-11-05T16:24:20Z,39.637556,-79.995366,0.000000,2609.000000,0.000000,0.000000
2014-11-05T16:25:20Z,39.630581,-79.999710,0.000000,2609.000000,0.000000,0.000000
2014-11-05T16:26:20Z,39.637556,-79.995366,0.000000,2609.000000,0.000000,0.000000
2014-11-05T16:27:21Z,39.629011,-79.985807,0.000000,2609.000000,0.000000,0.000000
2014-11-05T16:28:21Z,39.622559,-79.994785,0.000000,2743.000000,0.000000,0.000000
2014-11-05T16:29:21Z,39.627209,-79.991889,0.000000,2609.000000,0.000000,0.000000
2014-11-05T16:30:21Z,39.637556,-79.995366,0.000000,2609.000000,0.000000,0.000000
2014-11-05T16:31:22Z,39.637556,-79.995366,0.000000,2609.000000,0.000000,0.000000
2014-11-05T16:32:22Z,39.637556,-79.995366,0.000000,2609.000000,0.000000,0.000000
2014-11-05T16:33:22Z,39.627209,-79.991889,0.000000,2609.000000,0.000000,0.000000
2014-11-05T16:34:23Z,39.632906,-79.998262,0.000000,2609.000000,0.000000,0.000000
2014-11-05T16:35:23Z,39.637556,-79.995366,0.000000,2609.000000,0.000000,0.000000
2014-11-05T16:36:23Z,39.627209,-79.991889,0.000000,2609.000000,0.000000,0.000000
2014-11-05T16:37:23Z,39.623606,-80.004054,0.000000,3315.000000,0.000000,0.000000
2014-11-05T16:38:23Z,39.623606,-80.004054,0.000000,3315.000000,0.000000,0.000000
2014-11-05T16:39:24Z,39.623606,-80.004054,0.000000,3315.000000,0.000000,0.000000
2014-11-05T16:40:24Z,39.637556,-79.995366,0.000000,2609.000000,0.000000,0.000000
2014-11-05T16:41:25Z,39.630581,-79.999710,0.000000,2609.000000,0.000000,0.000000
2014-11-05T16:42:25Z,39.632906,-79.998262,0.000000,2609.000000,0.000000,0.000000
2014-11-05T16:43:25Z,39.637556,-79.995366,0.000000,2609.000000,0.000000,0.000000
2014-11-05T16:44:26Z,39.637556,-79.995366,0.000000,2609.000000,0.000000,0.000000
2014-11-05T16:45:26Z,39.637556,-79.995366,0.000000,2609.000000,0.000000,0.000000
2014-11-05T16:46:27Z,39.637556,-79.995366,0.000000,2609.000000,0.000000,0.000000
2014-11-05T16:47:34Z,39.637556,-79.995366,0.000000,2609.000000,0.000000,0.000000
2014-11-05T16:48:35Z,39.629011,-79.985807,0.000000,2609.000000,0.000000,0.000000
2014-11-05T16:49:35Z,39.620466,-79.976248,0.000000,2743.000000,0.000000,0.000000
2014-11-05T16:50:35Z,39.637556,-79.995366,0.000000,2609.000000,0.000000,0.000000
2014-11-05T16:51:36Z,39.637556,-79.995366,0.000000,2609.000000,0.000000,0.000000
2014-11-05T16:52:37Z,39.637556,-79.995366,0.000000,2609.000000,0.000000,0.000000
2014-11-05T16:53:38Z,39.637556,-79.995366,0.000000,2609.000000,0.000000,0.000000
2014-11-05T16:54:38Z,39.637556,-79.995366,0.000000,2609.000000,0.000000,0.000000
2014-11-05T16:55:39Z,39.637556,-79.995366,0.000000,2609.000000,0.000000,0.000000
2014-11-05T16:56:39Z,39.637556,-79.995366,0.000000,2609.000000,0.000000,0.000000
2014-11-05T16:57:40Z,39.637556,-79.995366,0.000000,2609.000000,0.000000,0.000000
2014-11-05T16:58:40Z,39.637556,-79.995366,0.000000,2609.000000,0.000000,0.000000
2014-11-05T16:59:41Z,39.651081,-79.975435,0.000000,2599.000000,0.000000,0.000000
2014-11-05T17:00:41Z,39.651102,-79.974842,0.000000,2599.000000,0.000000,0.000000
2014-11-05T17:01:45Z,39.651102,-79.974842,0.000000,2599.000000,0.000000,0.000000
2014-11-05T17:02:47Z,39.651102,-79.974842,0.000000,2599.000000,0.000000,0.000000
2014-11-05T17:03:48Z,39.651102,-79.974842,0.000000,2599.000000,0.000000,0.000000
2014-11-05T17:04:48Z,39.651102,-79.974842,0.000000,2599.000000,0.000000,0.000000
2014-11-05T17:05:49Z,39.651102,-79.974842,0.000000,2599.000000,0.000000,0.000000
2014-11-05T17:06:49Z,39.651102,-79.974842,0.000000,2599.000000,0.000000,0.000000
2014-11-05T17:08:05Z,39.651102,-79.974842,0.000000,2599.000000,0.000000,0.000000
2014-11-05T17:09:17Z,39.651102,-79.974842,0.000000,2599.000000,0.000000,0.000000
2014-11-05T17:10:18Z,39.651102,-79.974842,0.000000,2599.000000,0.000000,0.000000
2014-11-05T17:11:18Z,39.651102,-79.974842,0.000000,2599.000000,0.000000,0.000000
2014-11-05T17:12:25Z,39.651102,-79.974842,0.000000,2599.000000,0.000000,0.000000
2014-11-05T17:13:25Z,39.651102,-79.974842,0.000000,2599.000000,0.000000,0.000000
2014-11-05T17:14:25Z,39.651102,-79.974842,0.000000,2599.000000,0.000000,0.000000
2014-11-05T17:15:26Z,39.651102,-79.974842,0.000000,2599.000000,0.000000,0.000000
2014-11-05T17:16:26Z,39.651102,-79.974842,0.000000,2599.000000,0.000000,0.000000
2014-11-05T17:17:26Z,39.651102,-79.974842,0.000000,2599.000000,0.000000,0.000000
2014-11-05T17:18:42Z,39.651102,-79.974842,0.000000,2599.000000,0.000000,0.000000
2014-11-05T17:19:43Z,39.651102,-79.974842,0.000000,2599.000000,0.000000,0.000000
2014-11-05T17:20:44Z,39.651102,-79.974842,0.000000,2599.000000,0.000000,0.000000
2014-11-05T17:21:45Z,39.651102,-79.974842,0.000000,2599.000000,0.000000,0.000000
2014-11-05T17:22:45Z,39.651102,-79.974842,0.000000,2599.000000,0.000000,0.000000
2014-11-05T17:23:46Z,39.651102,-79.974842,0.000000,2599.000000,0.000000,0.000000
2014-11-05T17:24:47Z,39.651102,-79.974842,0.000000,2599.000000,0.000000,0.000000
2014-11-05T17:25:48Z,39.651102,-79.974842,0.000000,2599.000000,0.000000,0.000000
2014-11-05T17:26:48Z,39.651102,-79.974842,0.000000,2599.000000,0.000000,0.000000
2014-11-05T17:27:59Z,39.651102,-79.974842,0.000000,2599.000000,0.000000,0.000000
2014-11-05T17:29:00Z,39.651102,-79.974842,0.000000,2599.000000,0.000000,0.000000
2014-11-05T17:30:00Z,39.651102,-79.974842,0.000000,2599.000000,0.000000,0.000000
2014-11-05T17:31:00Z,39.651102,-79.974842,0.000000,2599.000000,0.000000,0.000000
2014-11-05T17:32:02Z,39.651102,-79.974842,0.000000,2599.000000,0.000000,0.000000
2014-11-05T17:33:02Z,39.651102,-79.974842,0.000000,2599.000000,0.000000,0.000000
2014-11-05T17:34:02Z,39.651102,-79.974842,0.000000,2599.000000,0.000000,0.000000
2014-11-05T17:35:03Z,39.651102,-79.974842,0.000000,2599.000000,0.000000,0.000000
2014-11-05T17:36:07Z,39.651102,-79.974842,0.000000,2599.000000,0.000000,0.000000
2014-11-05T17:37:07Z,39.651102,-79.974842,0.000000,2599.000000,0.000000,0.000000
2014-11-05T17:38:27Z,39.651102,-79.974842,0.000000,2599.000000,0.000000,0.000000
2014-11-05T17:39:27Z,39.651102,-79.974842,0.000000,2599.000000,0.000000,0.000000
2014-11-05T17:40:32Z,39.651102,-79.974842,0.000000,2599.000000,0.000000,0.000000
2014-11-05T17:41:32Z,39.651102,-79.974842,0.000000,2599.000000,0.000000,0.000000
2014-11-05T17:42:32Z,39.651102,-79.974842,0.000000,2599.000000,0.000000,0.000000
2014-11-05T17:43:33Z,39.651102,-79.974842,0.000000,2599.000000,0.000000,0.000000
2014-11-05T17:44:33Z,39.651102,-79.974842,0.000000,2599.000000,0.000000,0.000000
2014-11-05T17:45:56Z,39.651102,-79.974842,0.000000,2599.000000,0.000000,0.000000
2014-11-05T17:46:56Z,39.651102,-79.974842,0.000000,2599.000000,0.000000,0.000000
2014-11-05T17:47:56Z,39.651102,-79.974842,0.000000,2599.000000,0.000000,0.000000
2014-11-05T17:48:57Z,39.651102,-79.974842,0.000000,2599.000000,0.000000,0.000000
2014-11-05T17:49:57Z,39.651102,-79.974842,0.000000,2599.000000,0.000000,0.000000
2014-11-05T17:50:57Z,39.651102,-79.974842,0.000000,2599.000000,0.000000,0.000000
2014-11-05T17:51:58Z,39.651102,-79.974842,0.000000,2599.000000,0.000000,0.000000
2014-11-05T17:53:09Z,39.651102,-79.974842,0.000000,2599.000000,0.000000,0.000000
2014-11-05T17:54:09Z,39.651102,-79.974842,0.000000,2599.000000,0.000000,0.000000
2014-11-05T17:55:19Z,39.648931,-79.964852,0.000000,1892.000000,0.000000,0.000000
2014-11-05T17:56:20Z,39.657376,-79.967253,0.000000,2057.000000,0.000000,0.000000
2014-11-05T17:57:22Z,39.651061,-79.976029,0.000000,2657.000000,0.000000,0.000000
2014-11-05T17:58:29Z,39.651061,-79.976029,0.000000,2657.000000,0.000000,0.000000
2014-11-05T17:59:29Z,39.651061,-79.976029,0.000000,2657.000000,0.000000,0.000000
2014-11-05T18:00:29Z,39.651061,-79.976029,0.000000,2657.000000,0.000000,0.000000
2014-11-05T18:01:29Z,39.644308,-79.985697,0.000000,2609.000000,0.000000,0.000000
2014-11-05T18:02:30Z,39.644308,-79.985697,0.000000,2609.000000,0.000000,0.000000
2014-11-05T18:03:30Z,39.651061,-79.976029,0.000000,2657.000000,0.000000,0.000000
2014-11-05T18:04:31Z,39.651061,-79.976029,0.000000,2657.000000,0.000000,0.000000
2014-11-05T18:05:31Z,39.651061,-79.976029,0.000000,2657.000000,0.000000,0.000000
2014-11-05T18:06:33Z,39.651102,-79.974842,0.000000,2599.000000,0.000000,0.000000
2014-11-05T18:07:33Z,39.651102,-79.974842,0.000000,2599.000000,0.000000,0.000000
2014-11-05T18:08:36Z,39.651102,-79.974842,0.000000,2599.000000,0.000000,0.000000
2014-11-05T18:09:36Z,39.651102,-79.974842,0.000000,2599.000000,0.000000,0.000000
2014-11-05T18:10:37Z,39.651102,-79.974842,0.000000,2599.000000,0.000000,0.000000
2014-11-05T18:11:38Z,39.651102,-79.974842,0.000000,2599.000000,0.000000,0.000000
2014-11-05T18:12:38Z,39.650821,-79.974147,0.000000,2521.000000,0.000000,0.000000
2014-11-05T18:13:47Z,39.650801,-79.974741,0.000000,2521.000000,0.000000,0.000000
2014-11-05T18:14:49Z,39.651102,-79.974842,0.000000,2599.000000,0.000000,0.000000
2014-11-05T18:15:49Z,39.651102,-79.974842,0.000000,2599.000000,0.000000,0.000000
2014-11-05T18:16:49Z,39.640792,-79.960019,0.000000,2132.000000,0.000000,0.000000
2014-11-05T18:17:49Z,39.640792,-79.960019,0.000000,2132.000000,0.000000,0.000000
2014-11-05T18:18:51Z,39.640792,-79.960019,0.000000,2132.000000,0.000000,0.000000
2014-11-05T18:19:51Z,39.640792,-79.960019,0.000000,2132.000000,0.000000,0.000000
2014-11-05T18:20:52Z,39.645947,-79.967430,0.000000,2132.000000,0.000000,0.000000
2014-11-05T18:21:52Z,39.650786,-79.963675,0.000000,1562.000000,0.000000,0.000000
2014-11-05T18:22:52Z,39.648382,-79.962537,0.000000,1562.000000,0.000000,0.000000
2014-11-05T18:23:52Z,39.648382,-79.962537,0.000000,1562.000000,0.000000,0.000000
2014-11-05T18:24:52Z,39.648382,-79.962537,0.000000,1562.000000,0.000000,0.000000
2014-11-05T18:25:53Z,39.648382,-79.962537,0.000000,1562.000000,0.000000,0.000000
2014-11-05T18:26:54Z,39.653008,-79.964616,0.000000,1562.000000,0.000000,0.000000
2014-11-05T18:28:05Z,39.651989,-79.964244,0.000000,1887.000000,0.000000,0.000000
2014-11-05T18:29:05Z,39.651989,-79.964244,0.000000,1887.000000,0.000000,0.000000
2014-11-05T18:30:06Z,39.651989,-79.964244,0.000000,1887.000000,0.000000,0.000000
2014-11-05T18:31:07Z,39.651989,-79.964244,0.000000,1887.000000,0.000000,0.000000
2014-11-05T18:32:07Z,39.651989,-79.964244,0.000000,1887.000000,0.000000,0.000000
2014-11-05T18:33:14Z,39.651989,-79.964244,0.000000,1887.000000,0.000000,0.000000
2014-11-05T18:34:29Z,39.651989,-79.964244,0.000000,1887.000000,0.000000,0.000000
2014-11-05T18:35:29Z,39.651989,-79.964244,0.000000,1887.000000,0.000000,0.000000
2014-11-05T18:37:09Z,39.651989,-79.964244,0.000000,1887.000000,0.000000,0.000000
2014-11-05T18:38:10Z,39.651989,-79.964244,0.000000,1887.000000,0.000000,0.000000
2014-11-05T18:39:11Z,39.651989,-79.964244,0.000000,1887.000000,0.000000,0.000000
2014-11-05T18:40:12Z,39.651989,-79.964244,0.000000,1887.000000,0.000000,0.000000
2014-11-05T18:41:12Z,39.651989,-79.964244,0.000000,1887.000000,0.000000,0.000000
2014-11-05T18:42:19Z,39.651989,-79.964244,0.000000,1887.000000,0.000000,0.000000
2014-11-05T18:43:24Z,39.651989,-79.964244,0.000000,1887.000000,0.000000,0.000000
2014-11-05T18:44:25Z,39.651989,-79.964244,0.000000,1887.000000,0.000000,0.000000
2014-11-05T18:45:33Z,39.651989,-79.964244,0.000000,1887.000000,0.000000,0.000000
2014-11-05T18:46:34Z,39.651989,-79.964244,0.000000,1887.000000,0.000000,0.000000
2014-11-05T18:47:34Z,39.651989,-79.964244,0.000000,1887.000000,0.000000,0.000000
2014-11-05T18:48:34Z,39.652146,-79.964171,0.000000,1562.000000,0.000000,0.000000
2014-11-05T18:49:34Z,39.648382,-79.962537,0.000000,1562.000000,0.000000,0.000000
2014-11-05T18:50:35Z,39.649720,-79.960513,0.000000,30.000000,0.000000,0.000000
2014-11-05T18:51:36Z,39.649634,-79.960516,0.000000,20.000000,0.000000,0.000000
2014-11-05T18:52:39Z,39.649640,-79.960481,0.000000,20.000000,0.000000,0.000000
2014-11-05T18:53:43Z,39.649643,-79.960481,0.000000,39.505001,0.000000,0.000000
2014-11-05T18:54:47Z,39.649637,-79.960452,0.000000,20.000000,0.000000,0.000000
2014-11-05T18:55:57Z,39.649630,-79.960489,0.000000,20.000000,0.000000,0.000000
2014-11-05T18:57:01Z,39.649624,-79.960493,0.000000,20.000000,0.000000,0.000000
2014-11-05T18:58:08Z,39.649721,-79.960490,0.000000,30.000000,0.000000,0.000000
2014-11-05T18:59:13Z,39.649687,-79.960461,0.000000,30.000000,0.000000,0.000000
2014-11-05T19:00:18Z,39.649692,-79.960493,0.000000,30.000000,0.000000,0.000000
2014-11-05T19:01:19Z,39.649786,-79.960374,315.000000,8.000000,288.799988,0.863481
2014-11-05T19:02:20Z,39.648382,-79.962537,0.000000,1562.000000,0.000000,0.000000
2014-11-05T19:03:20Z,39.648382,-79.962537,0.000000,1562.000000,0.000000,0.000000
2014-11-05T19:04:21Z,39.649428,-79.961788,0.000000,76.280998,0.000000,0.000000
2014-11-05T19:05:22Z,39.648902,-79.962420,0.000000,144.649002,0.000000,0.000000
2014-11-05T19:06:22Z,39.649476,-79.963803,335.000000,20.000000,240.300003,0.824621
2014-11-05T19:07:23Z,39.649337,-79.964363,0.000000,39.000000,0.000000,0.000000
2014-11-05T19:08:25Z,39.649712,-79.965026,319.000000,13.000000,240.300003,0.723671
2014-11-05T19:09:25Z,39.649840,-79.965874,0.000000,45.549000,0.000000,0.000000
2014-11-05T19:10:26Z,39.649742,-79.965914,0.000000,89.424004,0.000000,0.000000
2014-11-05T19:11:28Z,39.648765,-79.966810,302.000000,21.000000,211.699997,1.077033
2014-11-05T19:12:29Z,39.648374,-79.967117,0.000000,39.964001,0.000000,0.000000
2014-11-05T19:13:30Z,39.647978,-79.967318,0.000000,32.139999,0.000000,0.000000
2014-11-05T19:14:33Z,39.647348,-79.968280,298.000000,11.000000,211.699997,1.090046
2014-11-05T19:15:35Z,39.647318,-79.969266,358.000000,16.000000,229.300003,0.933809
2014-11-05T19:16:37Z,39.646933,-79.969553,344.000000,28.000000,221.500000,0.863713
2014-11-05T19:17:38Z,39.646739,-79.970369,323.000000,14.000000,233.600006,1.022399
2014-11-05T19:18:41Z,39.646153,-79.971262,374.000000,20.000000,285.200012,1.081712
2014-11-05T19:19:41Z,39.651102,-79.974842,0.000000,2599.000000,0.000000,0.000000
2014-11-05T19:20:42Z,39.646050,-79.972728,0.000000,31.500000,0.000000,0.000000
2014-11-05T19:21:42Z,39.645922,-79.972947,0.000000,22.000000,0.000000,0.000000
2014-11-05T19:22:43Z,39.645837,-79.972354,0.000000,37.500000,0.000000,0.000000
2014-11-05T19:23:43Z,39.637683,-79.983368,0.000000,2226.000000,0.000000,0.000000
2014-11-05T19:24:43Z,39.645659,-79.972278,0.000000,40.500000,0.000000,0.000000
2014-11-05T19:25:50Z,39.645707,-79.972317,0.000000,37.500000,0.000000,0.000000
2014-11-05T19:26:56Z,39.637556,-79.995366,0.000000,2609.000000,0.000000,0.000000
2014-11-05T19:28:01Z,39.637556,-79.995366,0.000000,2609.000000,0.000000,0.000000
2014-11-05T19:29:06Z,39.637556,-79.995366,0.000000,2609.000000,0.000000,0.000000
2014-11-05T19:30:06Z,39.645699,-79.972329,0.000000,37.500000,0.000000,0.000000
2014-11-05T19:31:10Z,39.645691,-79.972232,0.000000,40.500000,0.000000,0.000000
2014-11-05T19:32:11Z,39.645689,-79.972229,0.000000,37.500000,0.000000,0.000000
2014-11-05T19:33:15Z,39.645717,-79.972331,0.000000,39.000000,0.000000,0.000000
2014-11-05T19:34:15Z,39.637556,-79.995366,0.000000,2609.000000,0.000000,0.000000
2014-11-05T19:35:15Z,39.637556,-79.995366,0.000000,2609.000000,0.000000,0.000000
2014-11-05T19:36:15Z,39.637556,-79.995366,0.000000,2609.000000,0.000000,0.000000
2014-11-05T19:37:16Z,39.637556,-79.995366,0.000000,2609.000000,0.000000,0.000000
2014-11-05T19:38:16Z,39.637556,-79.995366,0.000000,2609.000000,0.000000,0.000000
2014-11-05T19:39:16Z,39.629011,-79.985807,0.000000,2609.000000,0.000000,0.000000
2014-11-05T19:40:16Z,39.637556,-79.995366,0.000000,2609.000000,0.000000,0.000000
2014-11-05T19:41:17Z,39.637556,-79.995366,0.000000,2609.000000,0.000000,0.000000
2014-11-05T19:42:17Z,39.637556,-79.995366,0.000000,2609.000000,0.000000,0.000000
2014-11-05T19:43:18Z,39.637556,-79.995366,0.000000,2609.000000,0.000000,0.000000
2014-11-05T19:44:18Z,39.637556,-79.995366,0.000000,2609.000000,0.000000,0.000000
2014-11-05T19:45:20Z,39.637556,-79.995366,0.000000,2609.000000,0.000000,0.000000
2014-11-05T19:46:21Z,39.637556,-79.995366,0.000000,2609.000000,0.000000,0.000000
2014-11-05T19:47:33Z,39.637556,-79.995366,0.000000,2609.000000,0.000000,0.000000
2014-11-05T19:48:34Z,39.637556,-79.995366,0.000000,2609.000000,0.000000,0.000000
2014-11-05T19:49:40Z,39.637556,-79.995366,0.000000,2609.000000,0.000000,0.000000
2014-11-05T19:50:40Z,39.637556,-79.995366,0.000000,2609.000000,0.000000,0.000000
2014-11-05T19:51:41Z,39.637556,-79.995366,0.000000,2609.000000,0.000000,0.000000
2014-11-05T19:52:43Z,39.637556,-79.995366,0.000000,2609.000000,0.000000,0.000000
2014-11-05T19:53:55Z,39.637556,-79.995366,0.000000,2609.000000,0.000000,0.000000
2014-11-05T19:55:00Z,39.637556,-79.995366,0.000000,2609.000000,0.000000,0.000000
2014-11-05T19:56:03Z,39.637556,-79.995366,0.000000,2609.000000,0.000000,0.000000
2014-11-05T19:57:03Z,39.637556,-79.995366,0.000000,2609.000000,0.000000,0.000000
2014-11-05T19:58:04Z,39.637556,-79.995366,0.000000,2609.000000,0.000000,0.000000
2014-11-05T19:59:04Z,39.637556,-79.995366,0.000000,2609.000000,0.000000,0.000000
2014-11-05T20:00:05Z,39.637556,-79.995366,0.000000,2609.000000,0.000000,0.000000
2014-11-05T20:01:05Z,39.640792,-79.960019,0.000000,2132.000000,0.000000,0.000000
2014-11-05T20:02:42Z,39.640792,-79.960019,0.000000,2132.000000,0.000000,0.000000
2014-11-05T20:03:43Z,39.645926,-79.968024,0.000000,2132.000000,0.000000,0.000000
2014-11-05T20:04:43Z,39.651061,-79.976029,0.000000,2657.000000,0.000000,0.000000
2014-11-05T20:05:56Z,39.646084,-79.973039,0.000000,30.000000,0.000000,0.000000
2014-11-05T20:07:02Z,39.646102,-79.973030,0.000000,30.000000,0.000000,0.000000
2014-11-05T20:08:03Z,39.651061,-79.976029,0.000000,2657.000000,0.000000,0.000000
2014-11-05T20:09:08Z,39.646138,-79.973533,0.000000,20.000000,0.000000,0.000000
2014-11-05T20:10:11Z,39.646085,-79.973586,0.000000,27.000000,0.000000,0.000000
2014-11-05T20:11:15Z,39.646172,-79.973513,0.000000,26.000000,0.000000,0.000000
2014-11-05T20:12:19Z,39.646158,-79.973552,0.000000,21.236000,0.000000,0.000000
2014-11-05T20:13:23Z,39.646031,-79.973615,0.000000,21.864000,0.000000,0.000000
2014-11-05T20:14:27Z,39.646035,-79.973606,0.000000,23.000000,0.000000,0.000000
2014-11-05T20:15:29Z,39.646046,-79.973594,0.000000,20.000000,0.000000,0.000000
2014-11-05T20:16:38Z,39.646034,-79.973622,0.000000,20.000000,0.000000,0.000000
2014-11-05T20:17:39Z,39.646221,-79.973508,0.000000,27.597000,0.000000,0.000000
2014-11-05T20:18:43Z,39.646141,-79.973567,0.000000,20.000000,0.000000,0.000000
2014-11-05T20:19:46Z,39.646171,-79.973522,0.000000,22.884001,0.000000,0.000000
2014-11-05T20:20:50Z,39.646101,-79.973544,0.000000,20.000000,0.000000,0.000000
2014-11-05T20:21:54Z,39.646216,-79.973589,0.000000,26.375000,0.000000,0.000000
2014-11-05T20:23:02Z,39.646247,-79.973575,0.000000,29.284000,0.000000,0.000000
2014-11-05T20:24:06Z,39.651102,-79.974842,0.000000,2599.000000,0.000000,0.000000
2014-11-05T20:25:09Z,39.646083,-79.973552,0.000000,22.000000,0.000000,0.000000
2014-11-05T20:26:13Z,39.646018,-79.973568,0.000000,20.597000,0.000000,0.000000
2014-11-05T20:27:26Z,39.646162,-79.973526,0.000000,22.004999,0.000000,0.000000
2014-11-05T20:28:37Z,39.646219,-79.973499,0.000000,27.570999,0.000000,0.000000
2014-11-05T20:29:42Z,39.651061,-79.976029,0.000000,2657.000000,0.000000,0.000000
2014-11-05T20:30:47Z,39.651061,-79.976029,0.000000,2657.000000,0.000000,0.000000
2014-11-05T20:31:51Z,39.646211,-79.973164,0.000000,51.000000,0.000000,0.000000
2014-11-05T20:32:55Z,39.646213,-79.973384,0.000000,33.000000,0.000000,0.000000
2014-11-05T20:33:59Z,39.646253,-79.973417,0.000000,40.500000,0.000000,0.000000
2014-11-05T20:35:03Z,39.646245,-79.973414,0.000000,37.500000,0.000000,0.000000
2014-11-05T20:36:12Z,39.645949,-79.973114,0.000000,63.000000,0.000000,0.000000
2014-11-05T20:37:15Z,39.646093,-79.973544,0.000000,20.000000,0.000000,0.000000
2014-11-05T20:38:37Z,39.646127,-79.973530,0.000000,20.000000,0.000000,0.000000
2014-11-05T20:39:41Z,39.646139,-79.973548,0.000000,20.000000,0.000000,0.000000
2014-11-05T20:40:45Z,39.646088,-79.973560,0.000000,22.000000,0.000000,0.000000
2014-11-05T20:41:48Z,39.646161,-79.973546,0.000000,21.577999,0.000000,0.000000
2014-11-05T20:42:54Z,39.646132,-79.973568,0.000000,20.000000,0.000000,0.000000
2014-11-05T20:43:56Z,39.646098,-79.973547,0.000000,20.000000,0.000000,0.000000
2014-11-05T20:44:58Z,39.646112,-79.973068,0.000000,30.000000,0.000000,0.000000
2014-11-05T20:46:04Z,39.646021,-79.972824,0.000000,39.000000,0.000000,0.000000
2014-11-05T20:47:16Z,39.651102,-79.974842,0.000000,2599.000000,0.000000,0.000000
2014-11-05T20:48:16Z,39.645730,-79.972449,0.000000,24.000000,0.000000,0.000000
2014-11-05T20:49:20Z,39.646102,-79.973042,0.000000,30.000000,0.000000,0.000000
2014-11-05T20:50:48Z,39.646221,-79.973482,0.000000,27.629999,0.000000,0.000000
2014-11-05T20:51:52Z,39.646088,-79.973568,0.000000,20.000000,0.000000,0.000000
2014-11-05T20:53:05Z,39.646204,-79.973521,0.000000,25.830999,0.000000,0.000000
2014-11-05T20:54:12Z,39.646124,-79.973536,0.000000,20.000000,0.000000,0.000000
2014-11-05T20:55:16Z,39.645995,-79.973330,0.000000,39.000000,0.000000,0.000000
2014-11-05T20:56:26Z,39.645838,-79.973466,0.000000,20.000000,0.000000,0.000000
2014-11-05T20:57:30Z,39.646194,-79.973535,0.000000,24.788000,0.000000,0.000000
2014-11-05T20:58:42Z,39.646103,-79.973558,0.000000,26.454000,0.000000,0.000000
2014-11-05T20:59:46Z,39.646170,-79.973548,0.000000,22.417999,0.000000,0.000000
2014-11-05T21:00:49Z,39.646132,-79.973571,0.000000,20.000000,0.000000,0.000000
2014-11-05T21:02:11Z,39.646181,-79.973516,0.000000,23.454000,0.000000,0.000000
2014-11-05T21:03:14Z,39.646152,-79.973533,0.000000,20.982000,0.000000,0.000000
2014-11-05T21:04:18Z,39.646157,-79.973530,0.000000,31.684999,0.000000,0.000000
2014-11-05T21:05:22Z,39.646129,-79.973546,0.000000,20.000000,0.000000,0.000000
2014-11-05T21:06:26Z,39.646196,-79.973493,0.000000,25.246000,0.000000,0.000000
2014-11-05T21:07:29Z,39.646149,-79.973517,0.000000,21.016001,0.000000,0.000000
2014-11-05T21:08:34Z,39.646198,-79.973481,0.000000,32.069000,0.000000,0.000000
2014-11-05T21:09:38Z,39.646162,-79.973512,0.000000,32.373001,0.000000,0.000000
2014-11-05T21:10:47Z,39.646180,-79.973551,0.000000,23.304001,0.000000,0.000000
2014-11-05T21:11:52Z,39.646180,-79.973513,0.000000,23.819000,0.000000,0.000000
2014-11-05T21:12:55Z,39.646123,-79.973568,0.000000,20.000000,0.000000,0.000000
2014-11-05T21:13:59Z,39.646126,-79.973553,0.000000,20.000000,0.000000,0.000000
2014-11-05T21:15:03Z,39.646140,-79.973558,0.000000,27.264000,0.000000,0.000000
2014-11-05T21:16:17Z,39.646172,-79.973505,0.000000,23.308001,0.000000,0.000000
2014-11-05T21:18:03Z,39.646141,-79.973512,0.000000,20.468000,0.000000,0.000000
2014-11-05T21:19:07Z,39.646183,-79.973519,0.000000,24.014999,0.000000,0.000000
2014-11-05T21:20:11Z,39.646179,-79.973516,0.000000,23.746000,0.000000,0.000000
2014-11-05T21:21:21Z,39.646167,-79.973554,0.000000,22.032000,0.000000,0.000000
2014-11-05T21:22:38Z,39.646085,-79.973552,0.000000,20.000000,0.000000,0.000000
2014-11-05T21:24:21Z,39.646136,-79.973555,0.000000,29.489000,0.000000,0.000000
2014-11-05T21:25:57Z,39.646093,-79.973594,0.000000,27.000000,0.000000,0.000000
2014-11-05T21:27:04Z,39.646096,-79.973594,0.000000,20.000000,0.000000,0.000000
2014-11-05T21:28:09Z,39.646154,-79.973558,0.000000,20.789000,0.000000,0.000000
2014-11-05T21:29:12Z,39.646124,-79.972913,0.000000,79.500000,0.000000,0.000000
2014-11-05T21:30:17Z,39.646146,-79.973522,0.000000,20.680000,0.000000,0.000000
2014-11-05T21:31:21Z,39.646213,-79.973496,0.000000,27.148001,0.000000,0.000000
2014-11-05T21:32:32Z,39.651102,-79.974842,0.000000,2599.000000,0.000000,0.000000
2014-11-05T21:33:37Z,39.646064,-79.973560,0.000000,20.000000,0.000000,0.000000
2014-11-05T21:34:40Z,39.646203,-79.973183,0.000000,61.500000,0.000000,0.000000
2014-11-05T21:35:44Z,39.646053,-79.973605,0.000000,26.694000,0.000000,0.000000
2014-11-05T21:36:35Z,39.646051,-79.973622,0.000000,26.306000,0.000000,0.000000
2014-11-05T21:37:48Z,39.646102,-79.973546,0.000000,26.503000,0.000000,0.000000
2014-11-05T21:38:52Z,39.646145,-79.973543,0.000000,20.195999,0.000000,0.000000
2014-11-05T21:39:56Z,39.646118,-79.973552,0.000000,27.910999,0.000000,0.000000
2014-11-05T21:40:59Z,39.646192,-79.973539,0.000000,24.114000,0.000000,0.000000
2014-11-05T21:42:03Z,39.646128,-79.973535,0.000000,28.945000,0.000000,0.000000
2014-11-05T21:43:10Z,39.646123,-79.973577,0.000000,20.000000,0.000000,0.000000
2014-11-05T21:44:14Z,39.646164,-79.973549,0.000000,21.839001,0.000000,0.000000
2014-11-05T21:45:18Z,39.646172,-79.973534,0.000000,22.827999,0.000000,0.000000
2014-11-05T21:46:22Z,39.646105,-79.973563,0.000000,20.000000,0.000000,0.000000
2014-11-05T21:47:43Z,39.646127,-79.973558,0.000000,20.000000,0.000000,0.000000
2014-11-05T21:48:47Z,39.646223,-79.973514,0.000000,27.304001,0.000000,0.000000
2014-11-05T21:49:50Z,39.646094,-79.973581,0.000000,20.000000,0.000000,0.000000
2014-11-05T21:50:54Z,39.646089,-79.973544,0.000000,25.292999,0.000000,0.000000
2014-11-05T21:51:58Z,39.646166,-79.973564,0.000000,21.532000,0.000000,0.000000
2014-11-05T21:53:02Z,39.646217,-79.973537,0.000000,26.811001,0.000000,0.000000
2014-11-05T21:54:06Z,39.646128,-79.973560,0.000000,20.000000,0.000000,0.000000
2014-11-05T21:55:10Z,39.646184,-79.973387,0.000000,27.964001,0.000000,0.000000
2014-11-05T21:56:14Z,39.646282,-79.973496,0.000000,30.000000,0.000000,0.000000
2014-11-05T21:57:22Z,39.646236,-79.973429,0.000000,30.000000,0.000000,0.000000
2014-11-05T21:58:26Z,39.646238,-79.973447,0.000000,29.982000,0.000000,0.000000
2014-11-05T21:59:30Z,39.646005,-79.973566,0.000000,34.551998,0.000000,0.000000
2014-11-05T22:00:33Z,39.646158,-79.973562,0.000000,20.836000,0.000000,0.000000
2014-11-05T22:01:37Z,39.646033,-79.973578,0.000000,25.200001,0.000000,0.000000
2014-11-05T22:02:41Z,39.646105,-79.973551,0.000000,26.695999,0.000000,0.000000
2014-11-05T22:03:45Z,39.646074,-79.973548,0.000000,20.000000,0.000000,0.000000
2014-11-05T22:04:48Z,39.646053,-79.973558,0.000000,27.375999,0.000000,0.000000
2014-11-05T22:05:58Z,39.646055,-79.973568,0.000000,27.316000,0.000000,0.000000
2014-11-05T22:07:01Z,39.646082,-79.973551,0.000000,30.042000,0.000000,0.000000
2014-11-05T22:08:05Z,39.646052,-79.973567,0.000000,27.056000,0.000000,0.000000
2014-11-05T22:09:09Z,39.646153,-79.973541,0.000000,20.919001,0.000000,0.000000
2014-11-05T22:10:13Z,39.646111,-79.973554,0.000000,32.584999,0.000000,0.000000
2014-11-05T22:11:17Z,39.646098,-79.973564,0.000000,23.546000,0.000000,0.000000
2014-11-05T22:12:17Z,39.646040,-79.973578,0.000000,25.837999,0.000000,0.000000
2014-11-05T22:13:21Z,39.646131,-79.973516,0.000000,20.000000,0.000000,0.000000
2014-11-05T22:14:25Z,39.646143,-79.973509,0.000000,30.649000,0.000000,0.000000
2014-11-05T22:15:29Z,39.646137,-79.973529,0.000000,20.000000,0.000000,0.000000
2014-11-05T22:16:35Z,39.651102,-79.974842,0.000000,2599.000000,0.000000,0.000000
2014-11-05T22:17:48Z,39.646086,-79.973592,0.000000,20.000000,0.000000,0.000000
2014-11-05T22:18:53Z,39.651102,-79.974842,0.000000,2599.000000,0.000000,0.000000
2014-11-05T22:19:57Z,39.646095,-79.973588,0.000000,28.000000,0.000000,0.000000
2014-11-05T22:21:07Z,39.646070,-79.973596,0.000000,20.000000,0.000000,0.000000
2014-11-05T22:22:11Z,39.646080,-79.973590,0.000000,20.000000,0.000000,0.000000
2014-11-05T22:23:21Z,39.651102,-79.974842,0.000000,2599.000000,0.000000,0.000000
2014-11-05T22:24:25Z,39.646073,-79.973605,0.000000,24.000000,0.000000,0.000000
2014-11-05T22:25:30Z,39.646073,-79.973593,0.000000,23.558001,0.000000,0.000000
2014-11-05T22:26:36Z,39.651102,-79.974842,0.000000,2599.000000,0.000000,0.000000
2014-11-05T22:27:40Z,39.646115,-79.973584,0.000000,25.000000,0.000000,0.000000
2014-11-05T22:28:46Z,39.651102,-79.974842,0.000000,2599.000000,0.000000,0.000000
2014-11-05T22:29:50Z,39.646047,-79.973591,0.000000,20.000000,0.000000,0.000000
2014-11-05T22:30:53Z,39.646079,-79.973592,0.000000,20.000000,0.000000,0.000000
2014-11-05T22:32:28Z,39.646040,-79.973616,0.000000,21.118000,0.000000,0.000000
2014-11-05T22:33:58Z,39.646032,-79.973608,0.000000,21.535000,0.000000,0.000000
2014-11-05T22:35:02Z,39.646061,-79.973595,0.000000,22.438000,0.000000,0.000000
2014-11-05T22:36:06Z,39.646102,-79.973558,0.000000,26.393999,0.000000,0.000000
2014-11-05T22:37:10Z,39.646085,-79.973583,0.000000,24.645000,0.000000,0.000000
2014-11-05T22:38:29Z,39.646151,-79.973538,0.000000,20.844999,0.000000,0.000000
2014-11-05T22:39:33Z,39.646132,-79.973559,0.000000,20.000000,0.000000,0.000000
2014-11-05T22:40:38Z,39.646043,-79.973570,0.000000,20.000000,0.000000,0.000000
2014-11-05T22:41:42Z,39.646091,-79.973548,0.000000,20.000000,0.000000,0.000000
2014-11-05T22:42:46Z,39.646078,-79.973587,0.000000,24.065001,0.000000,0.000000
2014-11-05T22:43:51Z,39.646068,-79.973563,0.000000,23.238001,0.000000,0.000000
2014-11-05T22:44:55Z,39.646125,-79.973538,0.000000,28.674000,0.000000,0.000000
2014-11-05T22:45:59Z,39.646153,-79.973542,0.000000,20.943001,0.000000,0.000000
2014-11-05T22:47:03Z,39.646134,-79.973548,0.000000,20.000000,0.000000,0.000000
2014-11-05T22:48:03Z,39.646269,-79.973598,0.000000,25.040001,0.000000,0.000000
2014-11-05T22:49:07Z,39.645993,-79.973622,0.000000,26.000000,0.000000,0.000000
2014-11-05T22:50:10Z,39.646047,-79.973572,0.000000,26.000000,0.000000,0.000000
2014-11-05T23:26:19Z,39.640792,-79.960019,0.000000,2132.000000,0.000000,0.000000
2014-11-05T23:27:19Z,39.640792,-79.960019,0.000000,2132.000000,0.000000,0.000000
2014-11-05T23:28:19Z,39.640792,-79.960019,0.000000,2132.000000,0.000000,0.000000
2014-11-05T23:29:20Z,39.640792,-79.960019,0.000000,2132.000000,0.000000,0.000000
2014-11-05T23:30:20Z,39.640792,-79.960019,0.000000,2132.000000,0.000000,0.000000
2014-11-05T23:31:21Z,39.640792,-79.960019,0.000000,2132.000000,0.000000,0.000000
2014-11-05T23:32:21Z,39.640792,-79.960019,0.000000,2132.000000,0.000000,0.000000
2014-11-05T23:33:21Z,39.640792,-79.960019,0.000000,2132.000000,0.000000,0.000000
2014-11-05T23:34:22Z,39.640792,-79.960019,0.000000,2132.000000,0.000000,0.000000
2014-11-05T23:35:22Z,39.640792,-79.960019,0.000000,2132.000000,0.000000,0.000000
2014-11-05T23:36:22Z,39.640792,-79.960019,0.000000,2132.000000,0.000000,0.000000
2014-11-05T23:37:23Z,39.640792,-79.960019,0.000000,2132.000000,0.000000,0.000000
2014-11-05T23:38:23Z,39.640792,-79.960019,0.000000,2132.000000,0.000000,0.000000
2014-11-05T23:39:23Z,39.640792,-79.960019,0.000000,2132.000000,0.000000,0.000000
2014-11-05T23:40:25Z,39.640792,-79.960019,0.000000,2132.000000,0.000000,0.000000
2014-11-05T23:41:26Z,39.640792,-79.960019,0.000000,2132.000000,0.000000,0.000000
2014-11-05T23:42:26Z,39.640792,-79.960019,0.000000,2132.000000,0.000000,0.000000
2014-11-05T23:43:34Z,39.640792,-79.960019,0.000000,2132.000000,0.000000,0.000000
2014-11-05T23:44:34Z,39.640792,-79.960019,0.000000,2132.000000,0.000000,0.000000
2014-11-05T23:45:35Z,39.640792,-79.960019,0.000000,2132.000000,0.000000,0.000000
2014-11-05T23:46:35Z,39.640792,-79.960019,0.000000,2132.000000,0.000000,0.000000
2014-11-05T23:47:36Z,39.640792,-79.960019,0.000000,2132.000000,0.000000,0.000000
2014-11-05T23:48:36Z,39.640792,-79.960019,0.000000,2132.000000,0.000000,0.000000
2014-11-05T23:49:43Z,39.640792,-79.960019,0.000000,2132.000000,0.000000,0.000000
2014-11-05T23:50:44Z,39.640792,-79.960019,0.000000,2132.000000,0.000000,0.000000
2014-11-05T23:51:44Z,39.640792,-79.960019,0.000000,2132.000000,0.000000,0.000000
2014-11-05T23:52:44Z,39.640792,-79.960019,0.000000,2132.000000,0.000000,0.000000
2014-11-05T23:53:45Z,39.640792,-79.960019,0.000000,2132.000000,0.000000,0.000000
2014-11-05T23:56:30Z,39.640792,-79.960019,0.000000,2132.000000,0.000000,0.000000
2014-11-05T23:57:30Z,39.640792,-79.960019,0.000000,2132.000000,0.000000,0.000000
2014-11-05T23:58:30Z,39.640792,-79.960019,0.000000,2132.000000,0.000000,0.000000
2014-11-05T23:59:31Z,39.640792,-79.960019,0.000000,2132.000000,0.000000,0.000000
2014-11-06T00:00:31Z,39.640792,-79.960019,0.000000,2132.000000,0.000000,0.000000
2014-11-06T00:01:31Z,39.640792,-79.960019,0.000000,2132.000000,0.000000,0.000000
2014-11-06T00:02:31Z,39.640792,-79.960019,0.000000,2132.000000,0.000000,0.000000
2014-11-06T00:03:31Z,39.640792,-79.960019,0.000000,2132.000000,0.000000,0.000000
2014-11-06T00:04:32Z,39.640792,-79.960019,0.000000,2132.000000,0.000000,0.000000
2014-11-06T00:05:32Z,39.640792,-79.960019,0.000000,2132.000000,0.000000,0.000000
2014-11-06T00:06:32Z,39.640792,-79.960019,0.000000,2132.000000,0.000000,0.000000
2014-11-06T00:07:32Z,39.640792,-79.960019,0.000000,2132.000000,0.000000,0.000000
2014-11-06T00:08:33Z,39.640792,-79.960019,0.000000,2132.000000,0.000000,0.000000
2014-11-06T00:09:33Z,39.640792,-79.960019,0.000000,2132.000000,0.000000,0.000000
2014-11-06T00:10:33Z,39.640792,-79.960019,0.000000,2132.000000,0.000000,0.000000
2014-11-06T00:11:33Z,39.640792,-79.960019,0.000000,2132.000000,0.000000,0.000000
2014-11-06T00:12:33Z,39.640792,-79.960019,0.000000,2132.000000,0.000000,0.000000
2014-11-06T00:13:34Z,39.640792,-79.960019,0.000000,2132.000000,0.000000,0.000000
2014-11-06T00:14:34Z,39.640792,-79.960019,0.000000,2132.000000,0.000000,0.000000
2014-11-06T00:15:34Z,39.640792,-79.960019,0.000000,2132.000000,0.000000,0.000000
2014-11-06T00:16:34Z,39.640792,-79.960019,0.000000,2132.000000,0.000000,0.000000
2014-11-06T00:17:35Z,39.640792,-79.960019,0.000000,2132.000000,0.000000,0.000000
2014-11-06T00:18:35Z,39.640792,-79.960019,0.000000,2132.000000,0.000000,0.000000
2014-11-06T00:19:36Z,39.640792,-79.960019,0.000000,2132.000000,0.000000,0.000000
2014-11-06T00:20:36Z,39.640792,-79.960019,0.000000,2132.000000,0.000000,0.000000
2014-11-06T00:21:37Z,39.640792,-79.960019,0.000000,2132.000000,0.000000,0.000000
2014-11-06T00:22:37Z,39.640792,-79.960019,0.000000,2132.000000,0.000000,0.000000
2014-11-06T00:23:38Z,39.640792,-79.960019,0.000000,2132.000000,0.000000,0.000000
2014-11-06T00:29:05Z,39.640792,-79.960019,0.000000,2132.000000,0.000000,0.000000
2014-11-06T00:30:05Z,39.640792,-79.960019,0.000000,2132.000000,0.000000,0.000000
2014-11-06T00:31:05Z,39.640792,-79.960019,0.000000,2132.000000,0.000000,0.000000
2014-11-06T00:32:05Z,39.640792,-79.960019,0.000000,2132.000000,0.000000,0.000000
2014-11-06T00:33:05Z,39.640792,-79.960019,0.000000,2132.000000,0.000000,0.000000
2014-11-06T00:38:37Z,39.640792,-79.960019,0.000000,2132.000000,0.000000,0.000000
2014-11-06T00:39:37Z,39.640792,-79.960019,0.000000,2132.000000,0.000000,0.000000
2014-11-06T00:40:37Z,39.640792,-79.960019,0.000000,2132.000000,0.000000,0.000000
2014-11-06T00:41:37Z,39.640792,-79.960019,0.000000,2132.000000,0.000000,0.000000
2014-11-06T00:42:38Z,39.640792,-79.960019,0.000000,2132.000000,0.000000,0.000000
2014-11-06T00:43:38Z,39.640792,-79.960019,0.000000,2132.000000,0.000000,0.000000
2014-11-06T00:44:38Z,39.640792,-79.960019,0.000000,2132.000000,0.000000,0.000000
2014-11-06T00:45:38Z,39.640792,-79.960019,0.000000,2132.000000,0.000000,0.000000
2014-11-06T00:46:38Z,39.640792,-79.960019,0.000000,2132.000000,0.000000,0.000000
2014-11-06T00:47:38Z,39.640792,-79.960019,0.000000,2132.000000,0.000000,0.000000
2014-11-06T00:48:39Z,39.640792,-79.960019,0.000000,2132.000000,0.000000,0.000000
2014-11-06T00:49:39Z,39.640792,-79.960019,0.000000,2132.000000,0.000000,0.000000
2014-11-06T00:50:39Z,39.640792,-79.960019,0.000000,2132.000000,0.000000,0.000000
2014-11-06T00:51:39Z,39.640792,-79.960019,0.000000,2132.000000,0.000000,0.000000
2014-11-06T00:52:39Z,39.640792,-79.960019,0.000000,2132.000000,0.000000,0.000000
2014-11-06T00:53:39Z,39.640792,-79.960019,0.000000,2132.000000,0.000000,0.000000
2014-11-06T00:54:39Z,39.640792,-79.960019,0.000000,2132.000000,0.000000,0.000000
2014-11-06T00:55:40Z,39.640792,-79.960019,0.000000,2132.000000,0.000000,0.000000
2014-11-06T00:56:40Z,39.640792,-79.960019,0.000000,2132.000000,0.000000,0.000000
2014-11-06T00:57:40Z,39.640792,-79.960019,0.000000,2132.000000,0.000000,0.000000
2014-11-06T00:58:40Z,39.640792,-79.960019,0.000000,2132.000000,0.000000,0.000000
2014-11-06T00:59:40Z,39.640792,-79.960019,0.000000,2132.000000,0.000000,0.000000
2014-11-06T01:00:40Z,39.640792,-79.960019,0.000000,2132.000000,0.000000,0.000000
2014-11-06T01:01:41Z,39.640792,-79.960019,0.000000,2132.000000,0.000000,0.000000
2014-11-06T01:02:41Z,39.640792,-79.960019,0.000000,2132.000000,0.000000,0.000000
2014-11-06T01:03:41Z,39.640792,-79.960019,0.000000,2132.000000,0.000000,0.000000
2014-11-06T01:04:41Z,39.640792,-79.960019,0.000000,2132.000000,0.000000,0.000000
2014-11-06T01:46:41Z,39.640792,-79.960019,0.000000,2132.000000,0.000000,0.000000
2014-11-06T01:47:42Z,39.640792,-79.960019,0.000000,2132.000000,0.000000,0.000000
2014-11-06T01:48:42Z,39.640792,-79.960019,0.000000,2132.000000,0.000000,0.000000
2014-11-06T01:53:29Z,39.634223,-79.988702,0.000000,2509.000000,0.000000,0.000000
2014-11-06T02:00:08Z,39.645328,-79.972802,335.000000,91.000000,0.000000,0.000000
2014-11-06T02:01:41Z,39.646057,-79.972625,403.000000,139.000000,0.000000,0.000000
2014-11-06T02:03:08Z,39.645797,-79.972529,345.000000,132.000000,0.000000,0.000000
2014-11-06T02:05:02Z,39.645822,-79.972446,343.000000,139.000000,0.000000,0.000000
2014-11-06T02:06:23Z,39.634223,-79.988702,0.000000,2509.000000,0.000000,0.000000
2014-11-06T02:07:43Z,39.630748,-79.986772,0.000000,2509.000000,0.000000,0.000000
2014-11-06T02:12:06Z,39.634223,-79.988702,0.000000,2509.000000,0.000000,0.000000
2014-11-06T02:13:06Z,39.635889,-79.992034,0.000000,2509.000000,0.000000,0.000000
2014-11-06T02:15:48Z,39.634223,-79.988702,0.000000,2509.000000,0.000000,0.000000
2014-11-06T02:17:08Z,39.623606,-80.004054,0.000000,3315.000000,0.000000,0.000000
2014-11-06T02:18:08Z,39.627209,-79.991889,0.000000,2609.000000,0.000000,0.000000
2014-11-06T02:19:08Z,39.637556,-79.995366,0.000000,2609.000000,0.000000,0.000000
2014-11-06T02:20:08Z,39.637556,-79.995366,0.000000,2609.000000,0.000000,0.000000
2014-11-06T02:21:09Z,39.637556,-79.995366,0.000000,2609.000000,0.000000,0.000000
2014-11-06T02:22:09Z,39.637556,-79.995366,0.000000,2609.000000,0.000000,0.000000
2014-11-06T02:25:27Z,39.645793,-79.972486,339.000000,115.000000,0.000000,0.000000
2014-11-06T02:27:28Z,39.645230,-79.973121,320.000000,148.000000,0.000000,0.000000
2014-11-06T02:28:28Z,39.637556,-79.995366,0.000000,2609.000000,0.000000,0.000000
2014-11-06T02:29:29Z,39.627209,-79.991889,0.000000,2609.000000,0.000000,0.000000
2014-11-06T02:30:29Z,39.630581,-79.999710,0.000000,2609.000000,0.000000,0.000000
2014-11-06T02:31:29Z,39.637556,-79.995366,0.000000,2609.000000,0.000000,0.000000
2014-11-06T02:32:29Z,39.637556,-79.995366,0.000000,2609.000000,0.000000,0.000000
2014-11-06T02:33:29Z,39.637556,-79.995366,0.000000,2609.000000,0.000000,0.000000
2014-11-06T02:34:30Z,39.637556,-79.995366,0.000000,2609.000000,0.000000,0.000000
2014-11-06T02:35:30Z,39.637556,-79.995366,0.000000,2609.000000,0.000000,0.000000
2014-11-06T02:36:30Z,39.637556,-79.995366,0.000000,2609.000000,0.000000,0.000000
2014-11-06T02:37:49Z,39.637556,-79.995366,0.000000,2609.000000,0.000000,0.000000
2014-11-06T02:38:49Z,39.629011,-79.985807,0.000000,2609.000000,0.000000,0.000000
2014-11-06T02:39:50Z,39.627209,-79.991889,0.000000,2609.000000,0.000000,0.000000
2014-11-06T02:43:34Z,39.646001,-79.972498,315.000000,85.000000,0.000000,0.000000
2014-11-06T02:45:18Z,39.635889,-79.992034,0.000000,2509.000000,0.000000,0.000000
2014-11-06T02:46:19Z,39.630581,-79.999710,0.000000,2609.000000,0.000000,0.000000
2014-11-06T02:47:19Z,39.637556,-79.995366,0.000000,2609.000000,0.000000,0.000000
2014-11-06T02:48:19Z,39.637556,-79.995366,0.000000,2609.000000,0.000000,0.000000
2014-11-06T02:49:19Z,39.637556,-79.995366,0.000000,2609.000000,0.000000,0.000000
2014-11-06T02:50:20Z,39.637556,-79.995366,0.000000,2609.000000,0.000000,0.000000
2014-11-06T02:51:20Z,39.637556,-79.995366,0.000000,2609.000000,0.000000,0.000000
2014-11-06T02:52:20Z,39.637556,-79.995366,0.000000,2609.000000,0.000000,0.000000
2014-11-06T02:53:20Z,39.637556,-79.995366,0.000000,2609.000000,0.000000,0.000000
2014-11-06T02:54:23Z,39.637556,-79.995366,0.000000,2609.000000,0.000000,0.000000
2014-11-06T02:55:24Z,39.637556,-79.995366,0.000000,2609.000000,0.000000,0.000000
2014-11-06T02:56:25Z,39.637556,-79.995366,0.000000,2609.000000,0.000000,0.000000
2014-11-06T02:57:25Z,39.637556,-79.995366,0.000000,2609.000000,0.000000,0.000000
2014-11-06T02:58:25Z,39.637556,-79.995366,0.000000,2609.000000,0.000000,0.000000
2014-11-06T02:59:52Z,39.637556,-79.995366,0.000000,2609.000000,0.000000,0.000000
2014-11-06T03:00:54Z,39.637556,-79.995366,0.000000,2609.000000,0.000000,0.000000
2014-11-06T03:01:54Z,39.637556,-79.995366,0.000000,2609.000000,0.000000,0.000000
2014-11-06T03:02:55Z,39.637556,-79.995366,0.000000,2609.000000,0.000000,0.000000
2014-11-06T03:03:55Z,39.637556,-79.995366,0.000000,2609.000000,0.000000,0.000000
2014-11-06T03:04:56Z,39.637556,-79.995366,0.000000,2609.000000,0.000000,0.000000
2014-11-06T03:05:56Z,39.620466,-79.976248,0.000000,2743.000000,0.000000,0.000000
2014-11-06T03:07:02Z,39.620466,-79.976248,0.000000,2743.000000,0.000000,0.000000
2014-11-06T03:08:02Z,39.629011,-79.985807,0.000000,2609.000000,0.000000,0.000000
2014-11-06T03:09:02Z,39.637556,-79.995366,0.000000,2609.000000,0.000000,0.000000
2014-11-06T03:10:03Z,39.637556,-79.995366,0.000000,2609.000000,0.000000,0.000000
2014-11-06T03:11:03Z,39.637556,-79.995366,0.000000,2609.000000,0.000000,0.000000
2014-11-06T03:12:03Z,39.637556,-79.995366,0.000000,2609.000000,0.000000,0.000000
2014-11-06T03:13:04Z,39.637556,-79.995366,0.000000,2609.000000,0.000000,0.000000
2014-11-06T03:14:07Z,39.637556,-79.995366,0.000000,2609.000000,0.000000,0.000000
2014-11-06T03:15:08Z,39.634223,-79.988702,0.000000,2509.000000,0.000000,0.000000
2014-11-06T03:16:08Z,39.634223,-79.988702,0.000000,2509.000000,0.000000,0.000000
2014-11-06T03:17:09Z,39.634223,-79.988702,0.000000,2509.000000,0.000000,0.000000
2014-11-06T03:18:21Z,39.634223,-79.988702,0.000000,2509.000000,0.000000,0.000000
2014-11-06T03:19:38Z,39.637556,-79.995366,0.000000,2609.000000,0.000000,0.000000
2014-11-06T03:20:42Z,39.637556,-79.995366,0.000000,2609.000000,0.000000,0.000000
2014-11-06T03:21:43Z,39.637556,-79.995366,0.000000,2609.000000,0.000000,0.000000
2014-11-06T03:22:44Z,39.637556,-79.995366,0.000000,2609.000000,0.000000,0.000000
2014-11-06T03:23:47Z,39.637556,-79.995366,0.000000,2609.000000,0.000000,0.000000
2014-11-06T03:24:48Z,39.637556,-79.995366,0.000000,2609.000000,0.000000,0.000000
2014-11-06T03:25:49Z,39.637556,-79.995366,0.000000,2609.000000,0.000000,0.000000
2014-11-06T03:26:52Z,39.637556,-79.995366,0.000000,2609.000000,0.000000,0.000000
2014-11-06T03:27:52Z,39.637556,-79.995366,0.000000,2609.000000,0.000000,0.000000
2014-11-06T03:28:52Z,39.637556,-79.995366,0.000000,2609.000000,0.000000,0.000000
2014-11-06T03:29:52Z,39.637556,-79.995366,0.000000,2609.000000,0.000000,0.000000
2014-11-06T03:30:52Z,39.637556,-79.995366,0.000000,2609.000000,0.000000,0.000000
2014-11-06T03:31:52Z,39.637556,-79.995366,0.000000,2609.000000,0.000000,0.000000
2014-11-06T03:33:05Z,39.637556,-79.995366,0.000000,2609.000000,0.000000,0.000000
2014-11-06T03:34:05Z,39.637556,-79.995366,0.000000,2609.000000,0.000000,0.000000
2014-11-06T03:35:05Z,39.637556,-79.995366,0.000000,2609.000000,0.000000,0.000000
2014-11-06T03:36:05Z,39.637556,-79.995366,0.000000,2609.000000,0.000000,0.000000
2014-11-06T03:37:05Z,39.637556,-79.995366,0.000000,2609.000000,0.000000,0.000000
2014-11-06T03:38:05Z,39.637556,-79.995366,0.000000,2609.000000,0.000000,0.000000
2014-11-06T03:39:05Z,39.637556,-79.995366,0.000000,2609.000000,0.000000,0.000000
2014-11-06T03:40:05Z,39.637556,-79.995366,0.000000,2609.000000,0.000000,0.000000
2014-11-06T03:41:06Z,39.637556,-79.995366,0.000000,2609.000000,0.000000,0.000000
2014-11-06T03:42:08Z,39.637556,-79.995366,0.000000,2609.000000,0.000000,0.000000
2014-11-06T03:43:09Z,39.637556,-79.995366,0.000000,2609.000000,0.000000,0.000000
2014-11-06T03:44:14Z,39.637556,-79.995366,0.000000,2609.000000,0.000000,0.000000
2014-11-06T03:45:21Z,39.637556,-79.995366,0.000000,2609.000000,0.000000,0.000000
2014-11-06T03:46:21Z,39.637556,-79.995366,0.000000,2609.000000,0.000000,0.000000
2014-11-06T03:47:23Z,39.637556,-79.995366,0.000000,2609.000000,0.000000,0.000000
2014-11-06T03:48:24Z,39.637556,-79.995366,0.000000,2609.000000,0.000000,0.000000
2014-11-06T03:49:24Z,39.637556,-79.995366,0.000000,2609.000000,0.000000,0.000000
2014-11-06T03:50:24Z,39.648382,-79.962537,0.000000,1562.000000,0.000000,0.000000
2014-11-06T03:51:24Z,39.648382,-79.962537,0.000000,1562.000000,0.000000,0.000000
2014-11-06T03:52:24Z,39.648382,-79.962537,0.000000,1562.000000,0.000000,0.000000
2014-11-06T03:53:24Z,39.650185,-79.963391,0.000000,1562.000000,0.000000,0.000000
2014-11-06T03:54:25Z,39.649584,-79.963106,0.000000,1562.000000,0.000000,0.000000
2014-11-06T03:55:25Z,39.654028,-79.964987,0.000000,1562.000000,0.000000,0.000000
2014-11-06T03:56:26Z,39.648382,-79.962537,0.000000,1562.000000,0.000000,0.000000
2014-11-06T03:57:26Z,39.648382,-79.962537,0.000000,1562.000000,0.000000,0.000000
2014-11-06T03:58:29Z,39.648382,-79.962537,0.000000,1562.000000,0.000000,0.000000
2014-11-06T03:59:30Z,39.648382,-79.962537,0.000000,1562.000000,0.000000,0.000000
2014-11-06T04:00:33Z,39.648382,-79.962537,0.000000,1562.000000,0.000000,0.000000
2014-11-06T04:01:39Z,39.648382,-79.962537,0.000000,1562.000000,0.000000,0.000000
2014-11-06T04:02:39Z,39.648382,-79.962537,0.000000,1562.000000,0.000000,0.000000
2014-11-06T04:03:39Z,39.648382,-79.962537,0.000000,1562.000000,0.000000,0.000000
2014-11-06T04:04:41Z,39.648382,-79.962537,0.000000,1562.000000,0.000000,0.000000
2014-11-06T04:05:44Z,39.648382,-79.962537,0.000000,1562.000000,0.000000,0.000000
2014-11-06T04:06:45Z,39.648382,-79.962537,0.000000,1562.000000,0.000000,0.000000
2014-11-06T04:07:45Z,39.648382,-79.962537,0.000000,1562.000000,0.000000,0.000000
2014-11-06T04:08:46Z,39.648382,-79.962537,0.000000,1562.000000,0.000000,0.000000
2014-11-06T04:09:53Z,39.648382,-79.962537,0.000000,1562.000000,0.000000,0.000000
2014-11-06T04:10:53Z,39.648382,-79.962537,0.000000,1562.000000,0.000000,0.000000
2014-11-06T04:11:54Z,39.648382,-79.962537,0.000000,1562.000000,0.000000,0.000000
2014-11-06T04:12:55Z,39.648382,-79.962537,0.000000,1562.000000,0.000000,0.000000
2014-11-06T04:13:55Z,39.648382,-79.962537,0.000000,1562.000000,0.000000,0.000000
2014-11-06T04:14:55Z,39.648382,-79.962537,0.000000,1562.000000,0.000000,0.000000
2014-11-06T04:15:55Z,39.648382,-79.962537,0.000000,1562.000000,0.000000,0.000000
2014-11-06T04:16:56Z,39.648382,-79.962537,0.000000,1562.000000,0.000000,0.000000
2014-11-06T04:17:59Z,39.648382,-79.962537,0.000000,1562.000000,0.000000,0.000000
2014-11-06T04:19:01Z,39.648382,-79.962537,0.000000,1562.000000,0.000000,0.000000
2014-11-06T04:20:02Z,39.648382,-79.962537,0.000000,1562.000000,0.000000,0.000000
2014-11-06T04:21:03Z,39.648382,-79.962537,0.000000,1562.000000,0.000000,0.000000
2014-11-06T04:22:10Z,39.648382,-79.962537,0.000000,1562.000000,0.000000,0.000000
2014-11-06T04:23:10Z,39.648382,-79.962537,0.000000,1562.000000,0.000000,0.000000
2014-11-06T04:24:11Z,39.648382,-79.962537,0.000000,1562.000000,0.000000,0.000000
2014-11-06T04:25:11Z,39.648382,-79.962537,0.000000,1562.000000,0.000000,0.000000
2014-11-06T04:26:11Z,39.648382,-79.962537,0.000000,1562.000000,0.000000,0.000000
2014-11-06T04:27:12Z,39.648382,-79.962537,0.000000,1562.000000,0.000000,0.000000
2014-11-06T04:28:20Z,39.648382,-79.962537,0.000000,1562.000000,0.000000,0.000000
2014-11-06T04:29:20Z,39.648382,-79.962537,0.000000,1562.000000,0.000000,0.000000
2014-11-06T04:30:20Z,39.648382,-79.962537,0.000000,1562.000000,0.000000,0.000000
2014-11-06T04:31:21Z,39.648382,-79.962537,0.000000,1562.000000,0.000000,0.000000
2014-11-06T04:32:21Z,39.648382,-79.962537,0.000000,1562.000000,0.000000,0.000000
2014-11-06T04:33:37Z,39.648382,-79.962537,0.000000,1562.000000,0.000000,0.000000
2014-11-06T04:34:37Z,39.648382,-79.962537,0.000000,1562.000000,0.000000,0.000000
2014-11-06T04:35:37Z,39.648382,-79.962537,0.000000,1562.000000,0.000000,0.000000
2014-11-06T04:36:37Z,39.648382,-79.962537,0.000000,1562.000000,0.000000,0.000000
2014-11-06T04:37:37Z,39.648382,-79.962537,0.000000,1562.000000,0.000000,0.000000
2014-11-06T04:38:38Z,39.648382,-79.962537,0.000000,1562.000000,0.000000,0.000000
2014-11-06T04:39:39Z,39.648382,-79.962537,0.000000,1562.000000,0.000000,0.000000
2014-11-06T04:40:40Z,39.648382,-79.962537,0.000000,1562.000000,0.000000,0.000000
2014-11-06T04:41:40Z,39.648382,-79.962537,0.000000,1562.000000,0.000000,0.000000
2014-11-06T04:42:40Z,39.648382,-79.962537,0.000000,1562.000000,0.000000,0.000000
2014-11-06T04:43:40Z,39.648382,-79.962537,0.000000,1562.000000,0.000000,0.000000
2014-11-06T04:44:41Z,39.648382,-79.962537,0.000000,1562.000000,0.000000,0.000000
2014-11-06T04:45:41Z,39.648382,-79.962537,0.000000,1562.000000,0.000000,0.000000
2014-11-06T04:46:41Z,39.648382,-79.962537,0.000000,1562.000000,0.000000,0.000000
2014-11-06T04:47:41Z,39.648382,-79.962537,0.000000,1562.000000,0.000000,0.000000
2014-11-06T04:48:42Z,39.648382,-79.962537,0.000000,1562.000000,0.000000,0.000000
2014-11-06T04:49:42Z,39.648382,-79.962537,0.000000,1562.000000,0.000000,0.000000
2014-11-06T04:50:45Z,39.648382,-79.962537,0.000000,1562.000000,0.000000,0.000000
2014-11-06T04:51:45Z,39.648382,-79.962537,0.000000,1562.000000,0.000000,0.000000
2014-11-06T04:52:45Z,39.648382,-79.962537,0.000000,1562.000000,0.000000,0.000000
2014-11-06T04:53:46Z,39.648382,-79.962537,0.000000,1562.000000,0.000000,0.000000
2014-11-06T04:54:46Z,39.649619,-79.960484,0.000000,37.285000,0.000000,0.000000
2014-11-06T04:55:50Z,39.649616,-79.960495,0.000000,37.042999,0.000000,0.000000
2014-11-06T04:56:54Z,39.649638,-79.960478,0.000000,20.000000,0.000000,0.000000
2014-11-06T04:57:55Z,39.649608,-79.960437,0.000000,20.000000,0.000000,0.000000
2014-11-06T04:58:59Z,39.649434,-79.960679,291.000000,16.000000,249.000000,0.448219
