time,lat,lon,elevation,accuracy,bearing,speed
2014-11-04T05:00:20Z,39.640782,-79.960051,0.000000,2130.000000,0.000000,0.000000
2014-11-04T05:01:20Z,39.640782,-79.960051,0.000000,2130.000000,0.000000,0.000000
2014-11-04T05:02:21Z,39.640782,-79.960051,0.000000,2130.000000,0.000000,0.000000
2014-11-04T05:03:21Z,39.640782,-79.960051,0.000000,2130.000000,0.000000,0.000000
2014-11-04T05:04:21Z,39.640782,-79.960051,0.000000,2130.000000,0.000000,0.000000
2014-11-04T05:05:21Z,39.640782,-79.960051,0.000000,2130.000000,0.000000,0.000000
2014-11-04T05:06:46Z,39.640782,-79.960051,0.000000,2130.000000,0.000000,0.000000
2014-11-04T05:08:18Z,39.640782,-79.960051,0.000000,2130.000000,0.000000,0.000000
2014-11-04T05:09:18Z,39.640782,-79.960051,0.000000,2130.000000,0.000000,0.000000
2014-11-04T05:10:18Z,39.640782,-79.960051,0.000000,2130.000000,0.000000,0.000000
2014-11-04T05:11:19Z,39.640782,-79.960051,0.000000,2130.000000,0.000000,0.000000
2014-11-04T05:12:19Z,39.640782,-79.960051,0.000000,2130.000000,0.000000,0.000000
2014-11-04T05:13:20Z,39.640782,-79.960051,0.000000,2130.000000,0.000000,0.000000
2014-11-04T05:14:20Z,39.640782,-79.960051,0.000000,2130.000000,0.000000,0.000000
2014-11-04T05:15:21Z,39.640782,-79.960051,0.000000,2130.000000,0.000000,0.000000
2014-11-04T05:16:21Z,39.640782,-79.960051,0.000000,2130.000000,0.000000,0.000000
2014-11-04T05:17:22Z,39.640782,-79.960051,0.000000,2130.000000,0.000000,0.000000
2014-11-04T05:18:22Z,39.640782,-79.960051,0.000000,2130.000000,0.000000,0.000000
2014-11-04T05:19:22Z,39.640782,-79.960051,0.000000,2130.000000,0.000000,0.000000
2014-11-04T05:20:23Z,39.640782,-79.960051,0.000000,2130.000000,0.000000,0.000000
2014-11-04T05:21:23Z,39.640782,-79.960051,0.000000,2130.000000,0.000000,0.000000
2014-11-04T05:22:24Z,39.640782,-79.960051,0.000000,2130.000000,0.000000,0.000000
2014-11-04T05:23:24Z,39.640782,-79.960051,0.000000,2130.000000,0.000000,0.000000
2014-11-04T05:24:25Z,39.640782,-79.960051,0.000000,2130.000000,0.000000,0.000000
2014-11-04T05:25:26Z,39.640782,-79.960051,0.000000,2130.000000,0.000000,0.000000
2014-11-04T05:26:27Z,39.640782,-79.960051,0.000000,2130.000000,0.000000,0.000000
2014-11-04T05:27:27Z,39.640782,-79.960051,0.000000,2130.000000,0.000000,0.000000
2014-11-04T05:28:27Z,39.640782,-79.960051,0.000000,2130.000000,0.000000,0.000000
2014-11-04T05:29:29Z,39.640782,-79.960051,0.000000,2130.000000,0.000000,0.000000
2014-11-04T05:30:30Z,39.640782,-79.960051,0.000000,2130.000000,0.000000,0.000000
2014-11-04T05:31:30Z,39.640782,-79.960051,0.000000,2130.000000,0.000000,0.000000
2014-11-04T05:32:32Z,39.640782,-79.960051,0.000000,2130.000000,0.000000,0.000000
2014-11-04T05:33:33Z,39.640782,-79.960051,0.000000,2130.000000,0.000000,0.000000
2014-11-04T05:34:35Z,39.640782,-79.960051,0.000000,2130.000000,0.000000,0.000000
2014-11-04T05:35:36Z,39.640782,-79.960051,0.000000,2130.000000,0.000000,0.000000
2014-11-04T05:36:37Z,39.640782,-79.960051,0.000000,2130.000000,0.000000,0.000000
2014-11-04T05:37:38Z,39.640782,-79.960051,0.000000,2130.000000,0.000000,0.000000
2014-11-04T05:38:38Z,39.640782,-79.960051,0.000000,2130.000000,0.000000,0.000000
2014-11-04T05:39:47Z,39.640782,-79.960051,0.000000,2130.000000,0.000000,0.000000
2014-11-04T05:40:48Z,39.640782,-79.960051,0.000000,2130.000000,0.000000,0.000000
2014-11-04T05:41:48Z,39.640782,-79.960051,0.000000,2130.000000,0.000000,0.000000
2014-11-04T05:42:49Z,39.640782,-79.960051,0.000000,2130.000000,0.000000,0.000000
2014-11-04T05:43:49Z,39.640782,-79.960051,0.000000,2130.000000,0.000000,0.000000
2014-11-04T05:44:50Z,39.640782,-79.960051,0.000000,2130.000000,0.000000,0.000000
2014-11-04T05:45:51Z,39.640782,-79.960051,0.000000,2130.000000,0.000000,0.000000
2014-11-04T05:46:51Z,39.640782,-79.960051,0.000000,2130.000000,0.000000,0.000000
2014-11-04T05:47:52Z,39.640782,-79.960051,0.000000,2130.000000,0.000000,0.000000
2014-11-04T05:48:52Z,39.640782,-79.960051,0.000000,2130.000000,0.000000,0.000000
2014-11-04T05:49:52Z,39.640782,-79.960051,0.000000,2130.000000,0.000000,0.000000
2014-11-04T05:50:53Z,39.640782,-79.960051,0.000000,2130.000000,0.000000,0.000000
2014-11-04T05:51:54Z,39.640782,-79.960051,0.000000,2130.000000,0.000000,0.000000
2014-11-04T05:52:54Z,39.640782,-79.960051,0.000000,2130.000000,0.000000,0.000000
2014-11-04T05:53:55Z,39.640782,-79.960051,0.000000,2130.000000,0.000000,0.000000
2014-11-04T05:54:55Z,39.640782,-79.960051,0.000000,2130.000000,0.000000,0.000000
2014-11-04T05:55:56Z,39.640782,-79.960051,0.000000,2130.000000,0.000000,0.000000
2014-11-04T05:56:56Z,39.640782,-79.960051,0.000000,2130.000000,0.000000,0.000000
2014-11-04T05:57:57Z,39.640782,-79.960051,0.000000,2130.000000,0.000000,0.000000
2014-11-04T05:58:57Z,39.640782,-79.960051,0.000000,2130.000000,0.000000,0.000000
2014-11-04T05:59:58Z,39.640782,-79.960051,0.000000,2130.000000,0.000000,0.000000
2014-11-04T06:00:59Z,39.640782,-79.960051,0.000000,2130.000000,0.000000,0.000000
2014-11-04T06:01:59Z,39.640782,-79.960051,0.000000,2130.000000,0.000000,0.000000
2014-11-04T06:02:59Z,39.640782,-79.960051,0.000000,2130.000000,0.000000,0.000000
2014-11-04T06:04:00Z,39.640782,-79.960051,0.000000,2130.000000,0.000000,0.000000
2014-11-04T06:05:01Z,39.640782,-79.960051,0.000000,2130.000000,0.000000,0.000000
2014-11-04T06:06:01Z,39.640782,-79.960051,0.000000,2130.000000,0.000000,0.000000
2014-11-04T06:07:03Z,39.640782,-79.960051,0.000000,2130.000000,0.000000,0.000000
2014-11-04T06:08:40Z,39.640782,-79.960051,0.000000,2130.000000,0.000000,0.000000
2014-11-04T06:09:41Z,39.640782,-79.960051,0.000000,2130.000000,0.000000,0.000000
2014-11-04T06:10:42Z,39.640782,-79.960051,0.000000,2130.000000,0.000000,0.000000
2014-11-04T06:11:43Z,39.640782,-79.960051,0.000000,2130.000000,0.000000,0.000000
2014-11-04T06:12:44Z,39.640782,-79.960051,0.000000,2130.000000,0.000000,0.000000
2014-11-04T06:13:44Z,39.640782,-79.960051,0.000000,2130.000000,0.000000,0.000000
2014-11-04T06:14:45Z,39.640782,-79.960051,0.000000,2130.000000,0.000000,0.000000
2014-11-04T06:15:45Z,39.640782,-79.960051,0.000000,2130.000000,0.000000,0.000000
2014-11-04T06:16:46Z,39.640782,-79.960051,0.000000,2130.000000,0.000000,0.000000
2014-11-04T06:17:46Z,39.640782,-79.960051,0.000000,2130.000000,0.000000,0.000000
2014-11-04T06:18:47Z,39.640782,-79.960051,0.000000,2130.000000,0.000000,0.000000
2014-11-04T06:19:48Z,39.640782,-79.960051,0.000000,2130.000000,0.000000,0.000000
2014-11-04T06:20:48Z,39.640782,-79.960051,0.000000,2130.000000,0.000000,0.000000
2014-11-04T06:21:49Z,39.640782,-79.960051,0.000000,2130.000000,0.000000,0.000000
2014-11-04T06:22:49Z,39.640782,-79.960051,0.000000,2130.000000,0.000000,0.000000
2014-11-04T06:23:49Z,39.640782,-79.960051,0.000000,2130.000000,0.000000,0.000000
2014-11-04T06:24:50Z,39.640782,-79.960051,0.000000,2130.000000,0.000000,0.000000
2014-11-04T06:25:51Z,39.640782,-79.960051,0.000000,2130.000000,0.000000,0.000000
2014-11-04T06:26:51Z,39.640782,-79.960051,0.000000,2130.000000,0.000000,0.000000
2014-11-04T06:27:52Z,39.640782,-79.960051,0.000000,2130.000000,0.000000,0.000000
2014-11-04T06:28:52Z,39.640782,-79.960051,0.000000,2130.000000,0.000000,0.000000
2014-11-04T06:29:52Z,39.640782,-79.960051,0.000000,2130.000000,0.000000,0.000000
2014-11-04T06:30:53Z,39.640782,-79.960051,0.000000,2130.000000,0.000000,0.000000
2014-11-04T06:31:53Z,39.640782,-79.960051,0.000000,2130.000000,0.000000,0.000000
2014-11-04T06:32:54Z,39.640782,-79.960051,0.000000,2130.000000,0.000000,0.000000
2014-11-04T06:33:54Z,39.640782,-79.960051,0.000000,2130.000000,0.000000,0.000000
2014-11-04T06:34:54Z,39.644272,-79.985727,0.000000,2601.000000,0.000000,0.000000
2014-11-04T06:35:55Z,39.651048,-79.974808,0.000000,2601.000000,0.000000,0.000000
2014-11-04T06:36:55Z,39.651048,-79.974808,0.000000,2601.000000,0.000000,0.000000
2014-11-04T06:37:55Z,39.651048,-79.974808,0.000000,2601.000000,0.000000,0.000000
2014-11-04T06:38:55Z,39.651048,-79.974808,0.000000,2601.000000,0.000000,0.000000
2014-11-04T06:39:55Z,39.651048,-79.974808,0.000000,2601.000000,0.000000,0.000000
2014-11-04T06:40:56Z,39.651048,-79.974808,0.000000,2601.000000,0.000000,0.000000
2014-11-04T06:41:56Z,39.659698,-79.967454,0.000000,1985.000000,0.000000,0.000000
2014-11-04T06:42:57Z,39.655373,-79.971131,0.000000,1985.000000,0.000000,0.000000
2014-11-04T06:43:57Z,39.651048,-79.974808,0.000000,2601.000000,0.000000,0.000000
2014-11-04T06:44:57Z,39.651048,-79.974808,0.000000,2601.000000,0.000000,0.000000
2014-11-04T06:45:58Z,39.651048,-79.974808,0.000000,2601.000000,0.000000,0.000000
2014-11-04T06:46:58Z,39.651985,-79.964258,0.000000,1885.000000,0.000000,0.000000
2014-11-04T06:47:59Z,39.651985,-79.964258,0.000000,1885.000000,0.000000,0.000000
2014-11-04T06:49:00Z,39.651985,-79.964258,0.000000,1885.000000,0.000000,0.000000
2014-11-04T06:50:01Z,39.649582,-79.963109,0.000000,1560.000000,0.000000,0.000000
2014-11-04T06:51:01Z,39.648380,-79.962534,0.000000,1560.000000,0.000000,0.000000
2014-11-04T06:52:02Z,39.648380,-79.962534,0.000000,1560.000000,0.000000,0.000000
2014-11-04T06:53:02Z,39.648380,-79.962534,0.000000,1560.000000,0.000000,0.000000
2014-11-04T06:54:03Z,39.653354,-79.964749,0.000000,1560.000000,0.000000,0.000000
2014-11-04T06:55:03Z,39.659698,-79.967454,0.000000,1985.000000,0.000000,0.000000
2014-11-04T06:56:03Z,39.655925,-79.965814,0.000000,1560.000000,0.000000,0.000000
2014-11-04T06:57:04Z,39.648380,-79.962534,0.000000,1560.000000,0.000000,0.000000
2014-11-04T06:58:05Z,39.648380,-79.962534,0.000000,1560.000000,0.000000,0.000000
2014-11-04T06:59:12Z,39.648380,-79.962534,0.000000,1560.000000,0.000000,0.000000
2014-11-04T07:00:13Z,39.648380,-79.962534,0.000000,1560.000000,0.000000,0.000000
2014-11-04T07:01:18Z,39.648380,-79.962534,0.000000,1560.000000,0.000000,0.000000
2014-11-04T07:02:19Z,39.648380,-79.962534,0.000000,1560.000000,0.000000,0.000000
2014-11-04T07:03:21Z,39.648380,-79.962534,0.000000,1560.000000,0.000000,0.000000
2014-11-04T07:04:22Z,39.648380,-79.962534,0.000000,1560.000000,0.000000,0.000000
2014-11-04T07:05:23Z,39.648380,-79.962534,0.000000,1560.000000,0.000000,0.000000
2014-11-04T07:06:24Z,39.648380,-79.962534,0.000000,1560.000000,0.000000,0.000000
