time,lat,lon,elevation,accuracy,bearing,speed
2014-11-07T05:02:12Z,39.645384,-79.972591,337.000000,125.000000,0.000000,0.000000
2014-11-07T05:03:16Z,39.646100,-79.972353,315.000000,40.000000,43.500000,0.958853
2014-11-07T05:04:22Z,39.646234,-79.971282,326.000000,11.000000,43.500000,1.288604
2014-11-07T05:05:25Z,39.646783,-79.970556,309.000000,26.000000,43.500000,1.212023
2014-11-07T05:06:27Z,39.647084,-79.969483,302.000000,40.000000,43.500000,0.700643
2014-11-07T05:07:30Z,39.647284,-79.968680,324.000000,24.000000,43.500000,0.740068
2014-11-07T05:08:35Z,39.647509,-79.967864,297.000000,17.000000,0.000000,0.000000
2014-11-07T05:09:38Z,39.647909,-79.966810,306.000000,20.000000,43.500000,0.740608
2014-11-07T05:10:39Z,39.648386,-79.962537,0.000000,1562.000000,0.000000,0.000000
2014-11-07T05:11:40Z,39.648386,-79.962537,0.000000,1562.000000,0.000000,0.000000
2014-11-07T05:12:40Z,39.648386,-79.962537,0.000000,1562.000000,0.000000,0.000000
2014-11-07T05:13:44Z,39.648386,-79.962537,0.000000,1562.000000,0.000000,0.000000
2014-11-07T05:14:45Z,39.648386,-79.962537,0.000000,1562.000000,0.000000,0.000000
2014-11-07T05:15:45Z,39.648386,-79.962537,0.000000,1562.000000,0.000000,0.000000
2014-11-07T05:16:45Z,39.648386,-79.962537,0.000000,1562.000000,0.000000,0.000000
2014-11-07T05:17:46Z,39.648386,-79.962537,0.000000,1562.000000,0.000000,0.000000
2014-11-07T05:18:46Z,39.648386,-79.962537,0.000000,1562.000000,0.000000,0.000000
2014-11-07T05:19:47Z,39.648386,-79.962537,0.000000,1562.000000,0.000000,0.000000
2014-11-07T05:20:50Z,39.648386,-79.962537,0.000000,1562.000000,0.000000,0.000000
2014-11-07T05:21:50Z,39.648186,-79.960617,0.000000,1562.000000,0.000000,0.000000
2014-11-07T05:22:51Z,39.649632,-79.967326,0.000000,1562.000000,0.000000,0.000000
2014-11-07T05:23:55Z,39.649535,-79.960472,303.000000,11.000000,151.500000,1.883507
2014-11-07T05:24:58Z,39.649632,-79.960500,0.000000,20.000000,0.000000,0.000000
2014-11-07T05:26:02Z,39.649559,-79.960616,302.000000,17.000000,99.199997,0.924446
2014-11-07T05:27:06Z,39.649642,-79.960492,0.000000,39.407001,0.000000,0.000000
2014-11-07T05:28:13Z,39.649684,-79.960467,0.000000,30.000000,0.000000,0.000000
2014-11-07T05:29:18Z,39.649602,-79.960451,0.000000,20.000000,0.000000,0.000000
2014-11-07T05:30:29Z,39.649688,-79.960462,0.000000,30.000000,0.000000,0.000000
2014-11-07T05:31:33Z,39.649683,-79.960460,0.000000,30.000000,0.000000,0.000000
2014-11-07T05:32:42Z,39.649668,-79.960461,0.000000,30.000000,0.000000,0.000000
2014-11-07T05:33:52Z,39.649623,-79.960478,0.000000,20.000000,0.000000,0.000000
2014-11-07T05:35:19Z,39.649615,-79.960456,0.000000,20.000000,0.000000,0.000000
2014-11-07T05:36:23Z,39.649635,-79.960461,0.000000,20.000000,0.000000,0.000000
2014-11-07T05:37:32Z,39.649674,-79.960476,0.000000,30.000000,0.000000,0.000000
2014-11-07T05:38:36Z,39.649629,-79.960483,0.000000,20.000000,0.000000,0.000000
2014-11-07T05:39:40Z,39.649596,-79.960488,0.000000,35.123001,0.000000,0.000000
2014-11-07T05:40:47Z,39.649596,-79.960460,0.000000,35.192001,0.000000,0.000000
2014-11-07T05:41:51Z,39.649624,-79.960470,0.000000,20.000000,0.000000,0.000000
2014-11-07T05:42:56Z,39.649626,-79.960461,0.000000,37.930000,0.000000,0.000000
2014-11-07T05:44:00Z,39.649625,-79.960455,0.000000,20.000000,0.000000,0.000000
2014-11-07T05:45:05Z,39.649632,-79.960498,0.000000,21.170000,0.000000,0.000000
2014-11-07T05:46:09Z,39.649629,-79.960473,0.000000,38.219002,0.000000,0.000000
2014-11-07T05:47:15Z,39.649621,-79.960488,0.000000,20.000000,0.000000,0.000000
2014-11-07T05:48:20Z,39.649616,-79.960469,0.000000,36.999001,0.000000,0.000000
2014-11-07T05:49:25Z,39.649617,-79.960458,0.000000,26.957001,0.000000,0.000000
2014-11-07T05:50:29Z,39.649608,-79.960500,0.000000,36.279999,0.000000,0.000000
2014-11-07T05:51:34Z,39.649618,-79.960463,0.000000,20.000000,0.000000,0.000000
2014-11-07T05:52:39Z,39.649705,-79.960494,0.000000,30.000000,0.000000,0.000000
2014-11-07T05:53:43Z,39.649625,-79.960486,0.000000,109.516998,0.000000,0.000000
2014-11-07T05:54:47Z,39.649646,-79.960492,0.000000,20.000000,0.000000,0.000000
2014-11-07T05:55:49Z,39.649621,-79.960466,0.000000,20.000000,0.000000,0.000000
2014-11-07T05:56:53Z,39.649697,-79.960731,331.000000,15.000000,0.000000,0.000000
2014-11-07T05:57:57Z,39.649621,-79.960485,0.000000,20.000000,0.000000,0.000000
2014-11-07T05:59:01Z,39.649649,-79.960490,0.000000,20.000000,0.000000,0.000000
2014-11-07T06:00:05Z,39.649631,-79.960452,0.000000,20.000000,0.000000,0.000000
2014-11-07T06:01:10Z,39.649622,-79.960466,0.000000,20.000000,0.000000,0.000000
2014-11-07T06:02:15Z,39.649624,-79.960467,0.000000,20.000000,0.000000,0.000000
2014-11-07T06:03:19Z,39.649604,-79.960445,0.000000,35.928001,0.000000,0.000000
2014-11-07T06:04:24Z,39.649591,-79.960504,0.000000,34.703999,0.000000,0.000000
2014-11-07T06:05:29Z,39.649631,-79.960476,0.000000,20.000000,0.000000,0.000000
2014-11-07T06:06:33Z,39.649628,-79.960479,0.000000,20.000000,0.000000,0.000000
2014-11-07T06:07:37Z,39.649634,-79.960481,0.000000,20.000000,0.000000,0.000000
2014-11-07T06:08:41Z,39.649631,-79.960470,0.000000,23.059000,0.000000,0.000000
2014-11-07T06:09:41Z,39.649632,-79.960498,0.000000,20.000000,0.000000,0.000000
2014-11-07T06:10:45Z,39.649625,-79.960459,0.000000,20.000000,0.000000,0.000000
2014-11-07T06:11:49Z,39.649626,-79.960496,0.000000,37.898998,0.000000,0.000000
2014-11-07T06:12:53Z,39.649607,-79.960466,0.000000,36.180000,0.000000,0.000000
2014-11-07T06:13:56Z,39.649691,-79.960522,0.000000,30.000000,0.000000,0.000000
2014-11-07T06:14:57Z,39.649691,-79.960518,0.000000,30.000000,0.000000,0.000000
2014-11-07T06:16:07Z,39.649661,-79.960504,0.000000,30.000000,0.000000,0.000000
2014-11-07T06:17:13Z,39.649637,-79.960490,0.000000,20.000000,0.000000,0.000000
2014-11-07T06:18:18Z,39.649630,-79.960469,0.000000,20.000000,0.000000,0.000000
2014-11-07T06:19:24Z,39.649658,-79.960502,0.000000,20.000000,0.000000,0.000000
2014-11-07T06:20:28Z,39.649615,-79.960457,0.000000,20.000000,0.000000,0.000000
2014-11-07T06:21:32Z,39.649618,-79.960235,270.000000,15.000000,293.500000,1.323782
2014-11-07T06:22:36Z,39.649644,-79.960504,0.000000,20.000000,0.000000,0.000000
2014-11-07T06:23:40Z,39.649648,-79.960478,0.000000,20.000000,0.000000,0.000000
2014-11-07T06:24:44Z,39.649624,-79.960468,0.000000,37.687000,0.000000,0.000000
2014-11-07T06:25:48Z,39.649638,-79.960518,0.000000,20.000000,0.000000,0.000000
2014-11-07T06:26:52Z,39.649378,-79.960766,328.000000,14.000000,171.699997,4.031129
2014-11-07T06:27:56Z,39.649660,-79.960494,0.000000,20.000000,0.000000,0.000000
2014-11-07T06:29:00Z,39.649644,-79.960485,0.000000,20.000000,0.000000,0.000000
2014-11-07T06:30:07Z,39.649627,-79.960455,0.000000,20.000000,0.000000,0.000000
2014-11-07T06:31:11Z,39.649455,-79.960603,325.000000,11.000000,50.000000,0.510784
2014-11-07T06:32:16Z,39.649624,-79.960454,0.000000,37.743999,0.000000,0.000000
2014-11-07T06:33:20Z,39.649618,-79.960464,0.000000,20.000000,0.000000,0.000000
2014-11-07T06:34:24Z,39.649622,-79.960505,0.000000,20.000000,0.000000,0.000000
2014-11-07T06:35:28Z,39.649633,-79.960529,0.000000,38.709999,0.000000,0.000000
2014-11-07T06:36:31Z,39.649424,-79.960671,289.000000,21.000000,42.299999,0.465188
2014-11-07T06:37:35Z,39.649524,-79.960562,337.000000,21.000000,61.400002,3.698757
2014-11-07T06:38:39Z,39.649646,-79.960497,0.000000,20.000000,0.000000,0.000000
2014-11-07T06:39:43Z,39.649597,-79.960396,322.000000,16.000000,98.900002,1.672872
2014-11-07T06:40:47Z,39.649636,-79.960499,0.000000,38.859001,0.000000,0.000000
2014-11-07T06:41:51Z,39.649609,-79.960454,0.000000,20.000000,0.000000,0.000000
2014-11-07T06:42:51Z,39.649599,-79.960430,0.000000,20.000000,0.000000,0.000000
2014-11-07T06:43:56Z,39.649634,-79.960516,0.000000,20.000000,0.000000,0.000000
2014-11-07T06:45:01Z,39.649617,-79.960457,0.000000,26.861000,0.000000,0.000000
2014-11-07T06:46:05Z,39.649649,-79.960495,0.000000,20.969999,0.000000,0.000000
2014-11-07T06:47:12Z,39.649486,-79.960457,291.000000,9.000000,286.799988,0.882043
2014-11-07T06:48:16Z,39.649664,-79.960705,329.000000,15.000000,286.799988,0.523927
2014-11-07T06:49:19Z,39.649431,-79.960432,290.000000,8.000000,77.000000,1.200333
2014-11-07T06:50:32Z,39.649630,-79.960503,0.000000,38.299999,0.000000,0.000000
2014-11-07T06:51:36Z,39.649644,-79.960495,0.000000,20.000000,0.000000,0.000000
2014-11-07T06:52:40Z,39.649537,-79.960320,327.000000,16.000000,153.100006,3.061323
2014-11-07T06:53:44Z,39.649521,-79.960565,303.000000,14.000000,237.100006,0.242074
2014-11-07T06:54:48Z,39.649536,-79.960511,257.000000,10.000000,237.100006,1.234342
2014-11-07T06:55:52Z,39.649369,-79.960548,270.000000,9.000000,63.599998,1.966977
2014-11-07T06:57:12Z,39.649385,-79.960488,284.000000,20.000000,250.300003,1.790251
2014-11-07T06:58:17Z,39.649541,-79.960615,314.000000,15.000000,0.000000,0.040000
2014-11-07T06:59:24Z,39.649465,-79.960653,318.000000,8.000000,250.300003,1.280820
2014-11-07T07:00:29Z,39.649606,-79.960562,342.000000,9.000000,0.000000,0.010000
2014-11-07T07:01:33Z,39.649472,-79.960593,315.000000,13.000000,0.000000,0.070000
2014-11-07T07:02:38Z,39.649635,-79.960506,0.000000,20.000000,0.000000,0.000000
2014-11-07T07:03:51Z,39.649364,-79.960582,327.000000,12.000000,290.399994,2.961503
2014-11-07T07:05:09Z,39.649639,-79.960623,341.000000,10.000000,0.000000,0.080000
2014-11-07T07:06:14Z,39.649633,-79.960517,0.000000,20.000000,0.000000,0.000000
2014-11-07T07:07:17Z,39.649434,-79.960541,271.000000,4.000000,7.600000,2.436001
2014-11-07T07:08:22Z,39.649640,-79.960468,0.000000,20.000000,0.000000,0.000000
2014-11-07T07:09:26Z,39.649656,-79.960475,0.000000,20.000000,0.000000,0.000000
2014-11-07T07:10:26Z,39.649692,-79.960456,0.000000,30.000000,0.000000,0.000000
2014-11-07T07:11:30Z,39.649640,-79.960515,0.000000,20.000000,0.000000,0.000000
2014-11-07T07:12:34Z,39.649709,-79.960479,0.000000,30.000000,0.000000,0.000000
2014-11-07T07:13:38Z,39.649637,-79.960494,0.000000,38.930000,0.000000,0.000000
2014-11-07T07:14:41Z,39.649374,-79.960497,268.000000,13.000000,0.000000,0.020000
2014-11-07T07:15:44Z,39.649477,-79.960396,300.000000,8.000000,3.600000,2.715824
2014-11-07T07:16:47Z,39.649491,-79.960508,320.000000,9.000000,3.600000,0.573149
2014-11-07T07:17:50Z,39.649268,-79.960431,267.000000,9.000000,160.399994,1.898052
2014-11-07T07:18:53Z,39.649349,-79.960350,299.000000,13.000000,160.399994,0.668506
2014-11-07T07:19:55Z,39.649362,-79.960490,295.000000,4.000000,160.399994,0.790253
2014-11-07T07:20:59Z,39.649439,-79.960467,291.000000,9.000000,0.000000,0.030000
2014-11-07T07:22:03Z,39.649407,-79.960453,298.000000,10.000000,0.000000,0.200000
2014-11-07T07:23:07Z,39.649622,-79.960477,0.000000,37.504002,0.000000,0.000000
2014-11-07T07:24:10Z,39.649389,-79.960627,317.000000,13.000000,19.200001,1.589025
2014-11-07T07:25:13Z,39.649460,-79.960250,307.000000,14.000000,19.200001,1.303841
2014-11-07T07:26:17Z,39.649628,-79.960501,0.000000,38.108002,0.000000,0.000000
2014-11-07T07:27:21Z,39.649479,-79.960535,306.000000,13.000000,119.699997,0.388973
2014-11-07T07:28:23Z,39.649409,-79.960624,346.000000,7.000000,346.000000,2.531027
2014-11-07T07:29:28Z,39.649711,-79.960474,0.000000,30.000000,0.000000,0.000000
2014-11-07T07:30:29Z,39.649610,-79.960505,0.000000,36.512001,0.000000,0.000000
2014-11-07T07:31:33Z,39.649631,-79.960477,0.000000,20.000000,0.000000,0.000000
2014-11-07T07:32:39Z,39.649616,-79.960480,0.000000,36.949001,0.000000,0.000000
2014-11-07T07:33:42Z,39.649459,-79.960507,299.000000,8.000000,67.599998,1.811574
2014-11-07T07:34:47Z,39.649424,-79.960632,318.000000,10.000000,0.000000,0.040000
2014-11-07T07:35:51Z,39.649446,-79.960601,304.000000,11.000000,136.600006,1.934373
2014-11-07T07:36:55Z,39.649441,-79.960567,332.000000,14.000000,136.600006,0.170294
2014-11-07T07:38:00Z,39.649599,-79.960488,322.000000,17.000000,0.000000,0.020000
2014-11-07T07:39:05Z,39.649627,-79.960486,0.000000,20.000000,0.000000,0.000000
2014-11-07T07:40:14Z,39.649567,-79.960412,320.000000,15.000000,0.000000,0.030000
2014-11-07T07:41:19Z,39.649390,-79.960720,339.000000,11.000000,231.800003,0.269072
2014-11-07T07:42:24Z,39.649213,-79.960810,318.000000,20.000000,0.000000,0.200000
2014-11-07T07:43:27Z,39.649376,-79.960482,314.000000,15.000000,280.100006,6.285897
2014-11-07T07:44:31Z,39.649333,-79.960584,317.000000,11.000000,65.400002,0.262488
2014-11-07T07:45:34Z,39.649408,-79.960576,316.000000,4.000000,65.400002,1.382932
2014-11-07T07:46:40Z,39.649426,-79.960545,298.000000,10.000000,42.000000,3.188683
2014-11-07T07:47:43Z,39.649371,-79.960623,308.000000,9.000000,60.299999,2.121509
2014-11-07T07:48:47Z,39.649497,-79.960481,284.000000,9.000000,0.000000,0.310000
2014-11-07T07:49:53Z,39.649347,-79.960560,328.000000,9.000000,96.300003,0.208087
2014-11-07T07:50:58Z,39.649538,-79.960409,328.000000,8.000000,0.000000,0.040000
2014-11-07T07:52:02Z,39.649625,-79.960470,0.000000,20.000000,0.000000,0.000000
2014-11-07T07:53:07Z,39.649586,-79.960351,326.000000,12.000000,88.400002,4.514432
2014-11-07T07:54:12Z,39.649532,-79.960618,337.000000,19.000000,0.000000,0.000000
2014-11-07T07:55:21Z,39.649534,-79.960576,332.000000,18.000000,0.000000,0.000000
2014-11-07T07:56:35Z,39.649431,-79.960593,328.000000,9.000000,0.000000,0.140000
2014-11-07T07:57:39Z,39.649701,-79.960504,0.000000,30.000000,0.000000,0.000000
2014-11-07T07:58:44Z,39.649509,-79.960440,329.000000,13.000000,0.000000,0.000000
2014-11-07T07:59:45Z,39.649605,-79.960507,0.000000,35.992001,0.000000,0.000000
2014-11-07T08:00:49Z,39.649600,-79.960480,0.000000,35.532001,0.000000,0.000000
2014-11-07T08:01:53Z,39.649437,-79.960556,345.000000,16.000000,0.000000,0.120000
2014-11-07T08:02:58Z,39.649629,-79.960673,343.000000,14.000000,0.000000,0.000000
2014-11-07T08:04:02Z,39.649569,-79.960627,341.000000,14.000000,0.000000,0.000000
2014-11-07T08:05:07Z,39.649626,-79.960486,0.000000,20.000000,0.000000,0.000000
2014-11-07T08:06:08Z,39.649614,-79.960477,0.000000,36.837002,0.000000,0.000000
2014-11-07T08:07:14Z,39.649641,-79.960520,0.000000,20.000000,0.000000,0.000000
2014-11-07T08:08:19Z,39.649630,-79.960500,0.000000,38.307999,0.000000,0.000000
2014-11-07T08:09:23Z,39.649693,-79.960195,343.000000,20.000000,0.000000,0.000000
2014-11-07T08:10:28Z,39.649624,-79.960486,0.000000,22.256001,0.000000,0.000000
2014-11-07T08:11:32Z,39.649619,-79.960464,0.000000,37.257999,0.000000,0.000000
2014-11-07T08:12:37Z,39.649718,-79.960522,0.000000,30.000000,0.000000,0.000000
2014-11-07T08:13:41Z,39.649557,-79.960289,299.000000,18.000000,0.000000,0.000000
2014-11-07T08:14:45Z,39.649632,-79.960464,0.000000,20.000000,0.000000,0.000000
2014-11-07T08:15:49Z,39.649631,-79.960484,0.000000,38.360001,0.000000,0.000000
2014-11-07T08:16:51Z,39.649631,-79.960494,0.000000,38.375000,0.000000,0.000000
2014-11-07T08:17:55Z,39.649631,-79.960520,0.000000,20.000000,0.000000,0.000000
2014-11-07T08:18:59Z,39.649611,-79.960460,0.000000,20.000000,0.000000,0.000000
2014-11-07T08:20:04Z,39.649636,-79.960462,0.000000,20.000000,0.000000,0.000000
2014-11-07T08:21:08Z,39.649633,-79.960508,0.000000,38.629002,0.000000,0.000000
2014-11-07T08:22:16Z,39.649631,-79.960479,0.000000,20.000000,0.000000,0.000000
2014-11-07T08:23:21Z,39.649382,-79.960571,269.000000,13.000000,93.000000,2.090096
2014-11-07T08:24:25Z,39.649631,-79.960497,0.000000,20.000000,0.000000,0.000000
2014-11-07T08:25:30Z,39.649555,-79.960421,304.000000,30.000000,0.000000,0.000000
2014-11-07T08:26:34Z,39.649640,-79.960485,0.000000,39.202999,0.000000,0.000000
2014-11-07T08:27:39Z,39.649692,-79.960491,0.000000,30.000000,0.000000,0.000000
2014-11-07T08:28:49Z,39.649629,-79.960488,0.000000,21.936001,0.000000,0.000000
2014-11-07T08:29:54Z,39.649648,-79.960468,0.000000,27.045000,0.000000,0.000000
2014-11-07T08:30:59Z,39.649542,-79.960468,315.000000,16.000000,0.000000,0.000000
2014-11-07T08:32:00Z,39.649643,-79.960494,0.000000,20.000000,0.000000,0.000000
2014-11-07T08:33:05Z,39.649633,-79.960504,0.000000,20.740000,0.000000,0.000000
2014-11-07T08:34:10Z,39.649525,-79.960504,316.000000,11.000000,0.000000,0.000000
2014-11-07T08:35:14Z,39.649531,-79.960508,317.000000,17.000000,0.000000,0.000000
2014-11-07T08:36:18Z,39.649540,-79.960505,317.000000,11.000000,0.000000,0.000000
2014-11-07T08:37:33Z,39.649629,-79.960485,0.000000,38.165001,0.000000,0.000000
2014-11-07T08:38:37Z,39.649620,-79.960487,0.000000,37.316002,0.000000,0.000000
2014-11-07T08:39:42Z,39.649537,-79.960528,320.000000,19.000000,0.000000,0.000000
2014-11-07T08:40:51Z,39.649635,-79.960477,0.000000,27.896000,0.000000,0.000000
2014-11-07T08:41:56Z,39.649585,-79.960575,321.000000,10.000000,0.000000,0.000000
2014-11-07T08:43:00Z,39.649610,-79.960467,0.000000,36.455002,0.000000,0.000000
2014-11-07T08:44:04Z,39.649558,-79.960567,322.000000,10.000000,0.000000,0.000000
2014-11-07T08:45:08Z,39.649561,-79.960588,325.000000,9.000000,0.000000,0.000000
2014-11-07T08:46:13Z,39.649556,-79.960576,324.000000,16.000000,0.000000,0.000000
2014-11-07T08:47:13Z,39.649644,-79.960514,0.000000,20.000000,0.000000,0.000000
2014-11-07T08:48:18Z,39.649637,-79.960471,0.000000,20.000000,0.000000,0.000000
2014-11-07T08:49:22Z,39.649644,-79.960511,0.000000,20.000000,0.000000,0.000000
2014-11-07T08:50:27Z,39.649694,-79.960530,0.000000,30.000000,0.000000,0.000000
2014-11-07T08:51:33Z,39.649615,-79.960475,0.000000,20.000000,0.000000,0.000000
2014-11-07T08:52:38Z,39.649630,-79.960490,0.000000,38.256001,0.000000,0.000000
2014-11-07T08:53:43Z,39.649620,-79.960482,0.000000,20.000000,0.000000,0.000000
2014-11-07T08:54:47Z,39.649640,-79.960489,0.000000,20.000000,0.000000,0.000000
2014-11-07T08:55:57Z,39.649600,-79.960472,0.000000,35.469002,0.000000,0.000000
2014-11-07T08:57:02Z,39.649643,-79.960499,0.000000,20.000000,0.000000,0.000000
2014-11-07T08:58:06Z,39.649643,-79.960507,0.000000,20.281000,0.000000,0.000000
2014-11-07T08:59:11Z,39.649440,-79.960646,339.000000,18.000000,0.000000,0.000000
2014-11-07T09:00:15Z,39.649622,-79.960486,0.000000,20.000000,0.000000,0.000000
2014-11-07T09:01:19Z,39.649644,-79.960488,0.000000,20.000000,0.000000,0.000000
2014-11-07T09:02:19Z,39.649630,-79.960479,0.000000,20.000000,0.000000,0.000000
2014-11-07T09:03:23Z,39.649712,-79.960473,0.000000,30.000000,0.000000,0.000000
2014-11-07T09:04:27Z,39.649460,-79.960492,315.000000,17.000000,0.000000,0.100000
2014-11-07T09:05:31Z,39.649608,-79.960475,0.000000,36.227001,0.000000,0.000000
2014-11-07T09:06:34Z,39.649642,-79.960488,0.000000,20.000000,0.000000,0.000000
2014-11-07T09:07:38Z,39.649609,-79.960463,0.000000,27.492001,0.000000,0.000000
2014-11-07T09:08:42Z,39.649610,-79.960465,0.000000,36.431000,0.000000,0.000000
2014-11-07T09:09:46Z,39.649684,-79.960481,0.000000,30.000000,0.000000,0.000000
2014-11-07T09:10:50Z,39.649644,-79.960509,0.000000,20.080999,0.000000,0.000000
2014-11-07T09:11:54Z,39.649644,-79.960493,0.000000,20.000000,0.000000,0.000000
2014-11-07T09:12:59Z,39.649630,-79.960495,0.000000,38.320999,0.000000,0.000000
2014-11-07T09:14:03Z,39.649435,-79.960552,261.000000,13.000000,93.000000,1.953100
2014-11-07T09:15:07Z,39.649622,-79.960461,0.000000,20.000000,0.000000,0.000000
2014-11-07T09:16:11Z,39.649631,-79.960465,0.000000,20.000000,0.000000,0.000000
2014-11-07T09:17:14Z,39.649613,-79.960498,0.000000,20.000000,0.000000,0.000000
2014-11-07T09:18:18Z,39.649719,-79.960483,0.000000,30.000000,0.000000,0.000000
2014-11-07T09:19:22Z,39.649642,-79.960508,0.000000,39.472000,0.000000,0.000000
2014-11-07T09:20:26Z,39.649625,-79.960499,0.000000,37.861000,0.000000,0.000000
2014-11-07T09:21:30Z,39.649639,-79.960472,0.000000,20.000000,0.000000,0.000000
2014-11-07T09:22:30Z,39.649637,-79.960504,0.000000,20.000000,0.000000,0.000000
2014-11-07T09:23:34Z,39.649632,-79.960460,0.000000,26.743999,0.000000,0.000000
2014-11-07T09:24:38Z,39.649637,-79.960502,0.000000,29.650999,0.000000,0.000000
2014-11-07T09:25:42Z,39.649601,-79.960480,0.000000,35.605999,0.000000,0.000000
2014-11-07T09:26:46Z,39.649424,-79.960576,342.000000,10.000000,0.000000,0.000000
2014-11-07T09:27:50Z,39.649400,-79.960508,312.000000,14.000000,0.000000,0.000000
2014-11-07T09:28:54Z,39.649633,-79.960478,0.000000,20.000000,0.000000,0.000000
2014-11-07T09:29:57Z,39.649645,-79.960492,0.000000,20.000000,0.000000,0.000000
2014-11-07T09:31:01Z,39.649534,-79.960461,384.000000,9.000000,93.000000,1.040865
2014-11-07T09:32:04Z,39.649441,-79.960359,327.000000,9.000000,0.000000,0.000000
2014-11-07T09:33:08Z,39.649639,-79.960470,0.000000,20.000000,0.000000,0.000000
2014-11-07T09:34:12Z,39.649380,-79.960529,348.000000,12.000000,93.000000,0.434166
2014-11-07T09:35:15Z,39.649638,-79.960514,0.000000,20.000000,0.000000,0.000000
2014-11-07T09:36:19Z,39.649623,-79.960494,0.000000,37.634998,0.000000,0.000000
2014-11-07T09:37:23Z,39.649622,-79.960479,0.000000,37.494999,0.000000,0.000000
2014-11-07T09:38:27Z,39.649670,-79.960509,0.000000,30.000000,0.000000,0.000000
2014-11-07T09:39:31Z,39.649634,-79.960488,0.000000,20.000000,0.000000,0.000000
2014-11-07T09:40:35Z,39.649676,-79.960524,0.000000,30.000000,0.000000,0.000000
2014-11-07T09:41:39Z,39.649194,-79.960734,318.000000,13.000000,0.000000,0.000000
2014-11-07T09:42:39Z,39.649632,-79.960480,0.000000,28.183001,0.000000,0.000000
2014-11-07T09:43:43Z,39.649627,-79.960489,0.000000,20.000000,0.000000,0.000000
2014-11-07T09:44:47Z,39.649621,-79.960513,0.000000,37.526001,0.000000,0.000000
2014-11-07T09:45:51Z,39.649632,-79.960508,0.000000,20.000000,0.000000,0.000000
2014-11-07T09:46:55Z,39.649643,-79.960493,0.000000,20.000000,0.000000,0.000000
2014-11-07T09:48:00Z,39.649616,-79.960513,0.000000,37.035999,0.000000,0.000000
2014-11-07T09:49:04Z,39.649544,-79.960464,339.000000,16.000000,0.000000,0.000000
2014-11-07T09:50:08Z,39.649510,-79.960516,334.000000,14.000000,0.000000,0.000000
2014-11-07T09:51:12Z,39.649644,-79.960448,0.000000,25.709999,0.000000,0.000000
2014-11-07T09:52:16Z,39.649632,-79.960488,0.000000,21.871000,0.000000,0.000000
2014-11-07T09:53:19Z,39.649623,-79.960494,0.000000,37.633999,0.000000,0.000000
2014-11-07T09:54:23Z,39.649503,-79.960477,313.000000,19.000000,0.000000,0.000000
2014-11-07T09:55:25Z,39.649626,-79.960478,0.000000,20.000000,0.000000,0.000000
2014-11-07T09:56:30Z,39.649504,-79.960485,318.000000,16.000000,0.000000,0.000000
2014-11-07T09:57:32Z,39.649633,-79.960510,0.000000,38.655998,0.000000,0.000000
2014-11-07T09:58:36Z,39.649623,-79.960488,0.000000,20.000000,0.000000,0.000000
2014-11-07T09:59:40Z,39.649639,-79.960501,0.000000,20.000000,0.000000,0.000000
2014-11-07T10:00:44Z,39.649625,-79.960495,0.000000,20.000000,0.000000,0.000000
2014-11-07T10:01:48Z,39.649624,-79.960487,0.000000,22.191999,0.000000,0.000000
2014-11-07T10:02:48Z,39.649607,-79.960473,0.000000,36.153999,0.000000,0.000000
2014-11-07T10:03:52Z,39.649633,-79.960476,0.000000,20.000000,0.000000,0.000000
2014-11-07T10:04:57Z,39.649533,-79.960518,338.000000,12.000000,0.000000,0.000000
2014-11-07T10:06:00Z,39.649518,-79.960528,332.000000,18.000000,0.000000,0.000000
2014-11-07T10:07:02Z,39.649646,-79.960484,0.000000,20.000000,0.000000,0.000000
2014-11-07T10:08:06Z,39.649721,-79.960493,0.000000,30.000000,0.000000,0.000000
2014-11-07T10:09:10Z,39.649619,-79.960476,0.000000,37.227001,0.000000,0.000000
2014-11-07T10:10:14Z,39.649632,-79.960492,0.000000,38.425999,0.000000,0.000000
2014-11-07T10:11:18Z,39.649607,-79.960474,0.000000,20.000000,0.000000,0.000000
2014-11-07T10:12:22Z,39.649603,-79.960481,0.000000,35.764000,0.000000,0.000000
2014-11-07T10:13:26Z,39.649632,-79.960465,0.000000,20.000000,0.000000,0.000000
2014-11-07T10:14:31Z,39.649434,-79.960854,361.000000,21.000000,0.000000,0.000000
2014-11-07T10:15:34Z,39.649515,-79.960529,342.000000,18.000000,0.000000,0.040000
2014-11-07T10:16:36Z,39.649630,-79.960489,0.000000,20.000000,0.000000,0.000000
2014-11-07T10:17:40Z,39.649648,-79.960506,0.000000,20.236000,0.000000,0.000000
2014-11-07T10:18:44Z,39.649626,-79.960521,0.000000,20.000000,0.000000,0.000000
2014-11-07T10:19:48Z,39.649637,-79.960496,0.000000,21.174000,0.000000,0.000000
2014-11-07T10:20:53Z,39.649541,-79.960506,324.000000,13.000000,0.000000,0.000000
2014-11-07T10:21:55Z,39.649603,-79.960493,0.000000,35.763000,0.000000,0.000000
2014-11-07T10:22:56Z,39.649637,-79.960481,0.000000,20.000000,0.000000,0.000000
2014-11-07T10:24:01Z,39.649557,-79.960342,290.000000,19.000000,93.000000,0.206155
2014-11-07T10:25:05Z,39.649300,-79.960819,306.000000,28.000000,0.000000,0.000000
2014-11-07T10:26:07Z,39.649633,-79.960501,0.000000,38.597000,0.000000,0.000000
2014-11-07T10:27:12Z,39.649424,-79.960661,328.000000,18.000000,0.000000,0.000000
2014-11-07T10:28:16Z,39.649450,-79.960639,337.000000,14.000000,0.000000,0.000000
2014-11-07T10:29:18Z,39.649636,-79.960510,0.000000,38.917999,0.000000,0.000000
2014-11-07T10:30:22Z,39.649628,-79.960494,0.000000,38.087002,0.000000,0.000000
2014-11-07T10:31:26Z,39.649620,-79.960478,0.000000,37.338001,0.000000,0.000000
2014-11-07T10:32:30Z,39.649628,-79.960497,0.000000,21.382999,0.000000,0.000000
2014-11-07T10:33:34Z,39.649627,-79.960481,0.000000,20.000000,0.000000,0.000000
2014-11-07T10:34:38Z,39.649614,-79.960462,0.000000,20.000000,0.000000,0.000000
2014-11-07T10:35:43Z,39.649523,-79.960487,324.000000,12.000000,0.000000,0.000000
2014-11-07T10:36:45Z,39.649645,-79.960498,0.000000,20.000000,0.000000,0.000000
2014-11-07T10:37:50Z,39.649546,-79.960481,321.000000,9.000000,0.000000,0.000000
2014-11-07T10:38:53Z,39.649556,-79.960477,321.000000,15.000000,0.000000,0.000000
2014-11-07T10:39:56Z,39.649529,-79.960464,323.000000,12.000000,0.000000,0.000000
2014-11-07T10:41:01Z,39.649510,-79.960492,324.000000,10.000000,0.000000,0.000000
2014-11-07T10:42:04Z,39.649464,-79.960517,317.000000,17.000000,0.000000,0.000000
2014-11-07T10:43:03Z,39.649631,-79.960458,0.000000,20.000000,0.000000,0.000000
2014-11-07T10:44:08Z,39.649472,-79.960462,315.000000,9.000000,0.000000,0.000000
2014-11-07T10:45:11Z,39.649709,-79.960483,0.000000,30.000000,0.000000,0.000000
2014-11-07T10:46:16Z,39.649454,-79.960491,317.000000,17.000000,0.000000,0.000000
2014-11-07T10:47:19Z,39.649604,-79.960466,0.000000,35.911999,0.000000,0.000000
2014-11-07T10:48:23Z,39.649689,-79.960501,0.000000,30.000000,0.000000,0.000000
2014-11-07T10:49:26Z,39.649609,-79.960446,0.000000,36.403999,0.000000,0.000000
2014-11-07T10:50:30Z,39.649639,-79.960529,0.000000,39.314999,0.000000,0.000000
2014-11-07T10:51:35Z,39.649361,-79.960549,358.000000,14.000000,0.000000,0.000000
2014-11-07T10:52:37Z,39.649628,-79.960478,0.000000,20.000000,0.000000,0.000000
2014-11-07T10:53:41Z,39.649619,-79.960508,0.000000,37.327999,0.000000,0.000000
2014-11-07T10:54:45Z,39.649654,-79.960515,0.000000,20.000000,0.000000,0.000000
2014-11-07T10:55:49Z,39.649624,-79.960494,0.000000,37.754002,0.000000,0.000000
2014-11-07T10:56:53Z,39.649701,-79.960517,0.000000,30.000000,0.000000,0.000000
2014-11-07T10:57:57Z,39.649633,-79.960494,0.000000,38.578999,0.000000,0.000000
2014-11-07T10:59:01Z,39.649619,-79.960512,0.000000,37.353001,0.000000,0.000000
2014-11-07T11:00:06Z,39.649373,-79.960605,357.000000,11.000000,0.000000,0.000000
2014-11-07T11:01:09Z,39.649622,-79.960520,0.000000,37.700001,0.000000,0.000000
2014-11-07T11:02:13Z,39.649627,-79.960502,0.000000,38.056000,0.000000,0.000000
2014-11-07T11:03:13Z,39.649629,-79.960490,0.000000,20.000000,0.000000,0.000000
2014-11-07T11:04:17Z,39.649617,-79.960500,0.000000,37.084000,0.000000,0.000000
2014-11-07T11:05:21Z,39.649596,-79.960488,0.000000,35.095001,0.000000,0.000000
2014-11-07T11:06:24Z,39.649623,-79.960495,0.000000,37.617001,0.000000,0.000000
2014-11-07T11:07:28Z,39.649641,-79.960448,0.000000,25.749001,0.000000,0.000000
2014-11-07T11:08:33Z,39.649409,-79.960393,309.000000,13.000000,0.000000,0.070000
2014-11-07T11:09:37Z,39.649341,-79.960546,324.000000,18.000000,0.000000,0.000000
2014-11-07T11:10:39Z,39.649636,-79.960465,0.000000,38.875999,0.000000,0.000000
2014-11-07T11:11:43Z,39.649631,-79.960474,0.000000,38.366001,0.000000,0.000000
2014-11-07T11:12:48Z,39.649375,-79.960539,326.000000,10.000000,0.000000,0.000000
2014-11-07T11:13:52Z,39.649399,-79.960549,328.000000,23.000000,0.000000,0.000000
2014-11-07T11:14:54Z,39.649608,-79.960471,0.000000,36.229000,0.000000,0.000000
2014-11-07T11:15:59Z,39.649370,-79.960560,324.000000,17.000000,0.000000,0.000000
2014-11-07T11:17:02Z,39.649367,-79.960557,324.000000,16.000000,0.000000,0.000000
2014-11-07T11:18:05Z,39.649361,-79.960559,323.000000,14.000000,0.000000,0.000000
2014-11-07T11:19:09Z,39.649371,-79.960559,324.000000,11.000000,0.000000,0.000000
2014-11-07T11:20:12Z,39.649375,-79.960557,324.000000,15.000000,0.000000,0.000000
2014-11-07T11:21:16Z,39.649378,-79.960562,322.000000,8.000000,0.000000,0.000000
2014-11-07T11:22:20Z,39.649388,-79.960561,322.000000,11.000000,0.000000,0.000000
2014-11-07T11:23:19Z,39.649630,-79.960461,0.000000,26.882999,0.000000,0.000000
2014-11-07T11:24:24Z,39.649392,-79.960562,320.000000,16.000000,0.000000,0.000000
2014-11-07T11:25:27Z,39.649391,-79.960560,318.000000,13.000000,0.000000,0.000000
2014-11-07T11:26:29Z,39.649637,-79.960488,0.000000,20.000000,0.000000,0.000000
2014-11-07T11:27:34Z,39.649608,-79.960506,0.000000,36.312000,0.000000,0.000000
2014-11-07T11:28:38Z,39.649632,-79.960498,0.000000,38.485001,0.000000,0.000000
2014-11-07T11:29:43Z,39.649397,-79.960557,316.000000,18.000000,0.000000,0.000000
2014-11-07T11:30:45Z,39.649602,-79.960508,0.000000,35.740002,0.000000,0.000000
2014-11-07T11:31:49Z,39.649623,-79.960501,0.000000,20.000000,0.000000,0.000000
2014-11-07T11:32:53Z,39.649600,-79.960484,0.000000,35.460999,0.000000,0.000000
2014-11-07T11:33:57Z,39.649640,-79.960466,0.000000,39.188000,0.000000,0.000000
2014-11-07T11:35:02Z,39.649637,-79.960502,0.000000,38.941002,0.000000,0.000000
2014-11-07T11:36:06Z,39.649645,-79.960505,0.000000,39.702000,0.000000,0.000000
2014-11-07T11:37:09Z,39.649634,-79.960497,0.000000,38.658001,0.000000,0.000000
2014-11-07T11:38:15Z,39.649632,-79.960467,0.000000,20.000000,0.000000,0.000000
2014-11-07T11:39:19Z,39.649640,-79.960504,0.000000,20.000000,0.000000,0.000000
2014-11-07T11:40:24Z,39.649376,-79.960614,353.000000,17.000000,0.000000,0.000000
2014-11-07T11:41:30Z,39.649620,-79.960497,0.000000,20.000000,0.000000,0.000000
2014-11-07T11:42:34Z,39.649637,-79.960453,0.000000,20.000000,0.000000,0.000000
2014-11-07T11:43:39Z,39.649426,-79.960631,345.000000,20.000000,0.000000,0.000000
2014-11-07T11:44:41Z,39.649634,-79.960502,0.000000,20.000000,0.000000,0.000000
2014-11-07T11:45:45Z,39.649659,-79.960503,0.000000,20.000000,0.000000,0.000000
2014-11-07T11:46:49Z,39.649614,-79.960498,0.000000,36.839001,0.000000,0.000000
2014-11-07T11:47:54Z,39.649437,-79.960634,380.000000,13.000000,0.000000,0.000000
2014-11-07T11:48:58Z,39.649435,-79.960610,335.000000,10.000000,0.000000,0.000000
2014-11-07T11:50:00Z,39.649627,-79.960502,0.000000,38.007999,0.000000,0.000000
2014-11-07T11:51:04Z,39.649637,-79.960497,0.000000,38.983002,0.000000,0.000000
2014-11-07T11:52:09Z,39.649293,-79.960956,372.000000,20.000000,0.000000,0.000000
2014-11-07T11:53:11Z,39.649634,-79.960491,0.000000,20.000000,0.000000,0.000000
2014-11-07T11:54:17Z,39.649500,-79.960608,367.000000,13.000000,0.000000,0.000000
2014-11-07T11:55:19Z,39.649629,-79.960504,0.000000,38.208000,0.000000,0.000000
2014-11-07T11:56:23Z,39.649630,-79.960510,0.000000,20.469999,0.000000,0.000000
2014-11-07T11:57:27Z,39.649638,-79.960485,0.000000,20.000000,0.000000,0.000000
2014-11-07T11:58:28Z,39.649631,-79.960512,0.000000,20.000000,0.000000,0.000000
2014-11-07T11:59:31Z,39.649638,-79.960523,0.000000,20.000000,0.000000,0.000000
2014-11-07T12:00:36Z,39.649643,-79.960510,0.000000,20.070000,0.000000,0.000000
2014-11-07T12:01:39Z,39.649635,-79.960486,0.000000,20.000000,0.000000,0.000000
2014-11-07T12:02:45Z,39.649498,-79.960736,272.000000,15.000000,0.000000,0.350000
2014-11-07T12:03:48Z,39.649623,-79.960474,0.000000,37.625000,0.000000,0.000000
2014-11-07T12:04:48Z,39.649631,-79.960518,0.000000,20.000000,0.000000,0.000000
2014-11-07T12:05:52Z,39.649628,-79.960508,0.000000,20.000000,0.000000,0.000000
2014-11-07T12:06:56Z,39.649622,-79.960503,0.000000,37.539001,0.000000,0.000000
2014-11-07T12:08:00Z,39.649609,-79.960483,0.000000,36.312000,0.000000,0.000000
2014-11-07T12:09:04Z,39.649608,-79.960516,0.000000,36.387001,0.000000,0.000000
2014-11-07T12:10:09Z,39.649459,-79.960483,335.000000,20.000000,93.000000,0.614003
2014-11-07T12:11:11Z,39.649647,-79.960516,0.000000,20.000000,0.000000,0.000000
2014-11-07T12:12:15Z,39.649688,-79.960501,0.000000,30.000000,0.000000,0.000000
2014-11-07T12:13:19Z,39.649617,-79.960502,0.000000,21.389000,0.000000,0.000000
2014-11-07T12:14:23Z,39.649591,-79.960494,0.000000,34.673000,0.000000,0.000000
2014-11-07T12:15:27Z,39.649635,-79.960490,0.000000,21.635000,0.000000,0.000000
2014-11-07T12:16:31Z,39.649716,-79.960510,0.000000,30.000000,0.000000,0.000000
2014-11-07T12:17:35Z,39.649606,-79.960474,0.000000,36.014000,0.000000,0.000000
2014-11-07T12:18:35Z,39.649637,-79.960523,0.000000,20.000000,0.000000,0.000000
2014-11-07T12:19:39Z,39.649645,-79.960505,0.000000,20.000000,0.000000,0.000000
2014-11-07T12:20:43Z,39.649635,-79.960518,0.000000,20.000000,0.000000,0.000000
2014-11-07T12:21:47Z,39.649630,-79.960473,0.000000,20.000000,0.000000,0.000000
2014-11-07T12:22:51Z,39.649630,-79.960514,0.000000,38.382000,0.000000,0.000000
2014-11-07T12:23:51Z,39.649611,-79.960463,0.000000,27.400000,0.000000,0.000000
2014-11-07T12:24:55Z,39.649628,-79.960500,0.000000,20.000000,0.000000,0.000000
2014-11-07T12:25:59Z,39.649621,-79.960493,0.000000,20.000000,0.000000,0.000000
2014-11-07T12:27:03Z,39.649626,-79.960502,0.000000,20.000000,0.000000,0.000000
2014-11-07T12:28:06Z,39.649612,-79.960485,0.000000,20.000000,0.000000,0.000000
2014-11-07T12:29:10Z,39.649613,-79.960481,0.000000,22.937000,0.000000,0.000000
2014-11-07T12:30:14Z,39.649631,-79.960510,0.000000,20.421000,0.000000,0.000000
2014-11-07T12:31:18Z,39.649658,-79.960504,0.000000,20.000000,0.000000,0.000000
2014-11-07T12:32:22Z,39.649692,-79.960516,0.000000,30.000000,0.000000,0.000000
2014-11-07T12:33:26Z,39.649664,-79.960500,0.000000,20.000000,0.000000,0.000000
2014-11-07T12:34:30Z,39.649684,-79.960517,0.000000,30.000000,0.000000,0.000000
2014-11-07T12:35:34Z,39.649629,-79.960454,0.000000,20.000000,0.000000,0.000000
2014-11-07T12:36:38Z,39.649618,-79.960511,0.000000,37.237000,0.000000,0.000000
2014-11-07T12:37:41Z,39.649633,-79.960490,0.000000,20.000000,0.000000,0.000000
2014-11-07T12:38:45Z,39.649635,-79.960479,0.000000,20.000000,0.000000,0.000000
2014-11-07T12:39:50Z,39.649566,-79.960799,323.000000,13.000000,93.000000,0.429418
2014-11-07T12:40:54Z,39.649455,-79.960526,326.000000,10.000000,0.000000,0.000000
2014-11-07T12:41:57Z,39.649621,-79.960474,0.000000,37.411999,0.000000,0.000000
2014-11-07T12:43:02Z,39.649494,-79.960546,324.000000,19.000000,0.000000,0.000000
2014-11-07T12:44:01Z,39.649601,-79.960487,0.000000,35.622002,0.000000,0.000000
2014-11-07T12:45:06Z,39.649495,-79.960584,322.000000,13.000000,0.000000,0.000000
2014-11-07T12:46:09Z,39.649488,-79.960577,323.000000,21.000000,0.000000,0.000000
2014-11-07T12:47:13Z,39.649487,-79.960724,365.000000,15.000000,0.000000,0.000000
2014-11-07T12:48:15Z,39.649642,-79.960517,0.000000,20.000000,0.000000,0.000000
2014-11-07T12:49:24Z,39.649644,-79.960496,0.000000,20.000000,0.000000,0.000000
2014-11-07T12:50:28Z,39.649637,-79.960504,0.000000,20.000000,0.000000,0.000000
2014-11-07T12:51:32Z,39.649626,-79.960484,0.000000,37.924000,0.000000,0.000000
2014-11-07T12:52:36Z,39.649656,-79.960517,0.000000,40.751999,0.000000,0.000000
2014-11-07T12:53:40Z,39.649638,-79.960513,0.000000,20.000000,0.000000,0.000000
2014-11-07T12:54:45Z,39.649489,-79.960576,315.000000,11.000000,0.000000,0.000000
2014-11-07T12:55:49Z,39.649505,-79.960586,311.000000,17.000000,0.000000,0.000000
2014-11-07T12:56:52Z,39.649644,-79.960493,0.000000,20.000000,0.000000,0.000000
2014-11-07T12:57:57Z,39.649510,-79.960583,312.000000,18.000000,0.000000,0.000000
2014-11-07T12:58:57Z,39.649678,-79.960524,0.000000,30.000000,0.000000,0.000000
2014-11-07T13:00:01Z,39.649639,-79.960524,0.000000,20.000000,0.000000,0.000000
2014-11-07T13:01:05Z,39.649638,-79.960490,0.000000,38.987000,0.000000,0.000000
2014-11-07T13:02:09Z,39.649638,-79.960494,0.000000,39.060001,0.000000,0.000000
2014-11-07T13:03:14Z,39.649520,-79.960573,316.000000,20.000000,0.000000,0.000000
2014-11-07T13:04:13Z,39.649638,-79.960500,0.000000,39.028000,0.000000,0.000000
2014-11-07T13:05:17Z,39.649649,-79.960504,0.000000,20.000000,0.000000,0.000000
2014-11-07T13:06:20Z,39.649637,-79.960494,0.000000,21.320000,0.000000,0.000000
2014-11-07T13:07:25Z,39.649625,-79.960505,0.000000,37.823002,0.000000,0.000000
2014-11-07T13:08:28Z,39.649632,-79.960481,0.000000,20.000000,0.000000,0.000000
2014-11-07T13:09:32Z,39.649640,-79.960501,0.000000,29.478001,0.000000,0.000000
2014-11-07T13:10:36Z,39.649639,-79.960485,0.000000,28.396999,0.000000,0.000000
2014-11-07T13:11:40Z,39.649634,-79.960495,0.000000,20.000000,0.000000,0.000000
2014-11-07T13:12:44Z,39.649635,-79.960518,0.000000,38.870998,0.000000,0.000000
2014-11-07T13:13:48Z,39.649611,-79.960510,0.000000,36.568001,0.000000,0.000000
2014-11-07T13:14:53Z,39.649489,-79.960654,356.000000,16.000000,0.000000,0.000000
2014-11-07T13:15:55Z,39.649632,-79.960489,0.000000,38.467999,0.000000,0.000000
2014-11-07T13:16:59Z,39.649616,-79.960518,0.000000,37.062000,0.000000,0.000000
2014-11-07T13:18:03Z,39.649681,-79.960512,0.000000,30.000000,0.000000,0.000000
2014-11-07T13:19:07Z,39.649623,-79.960510,0.000000,20.000000,0.000000,0.000000
2014-11-07T13:20:11Z,39.649645,-79.960527,0.000000,20.000000,0.000000,0.000000
2014-11-07T13:21:15Z,39.649645,-79.960495,0.000000,20.000000,0.000000,0.000000
2014-11-07T13:22:20Z,39.649369,-79.960505,292.000000,11.000000,93.000000,0.780256
2014-11-07T13:23:22Z,39.649643,-79.960503,0.000000,20.000000,0.000000,0.000000
2014-11-07T13:24:23Z,39.649642,-79.960502,0.000000,39.460999,0.000000,0.000000
2014-11-07T13:25:27Z,39.649631,-79.960517,0.000000,20.000000,0.000000,0.000000
2014-11-07T13:26:30Z,39.649628,-79.960515,0.000000,20.000000,0.000000,0.000000
2014-11-07T13:27:36Z,39.649337,-79.960620,263.000000,28.000000,93.000000,0.780897
2014-11-07T13:28:39Z,39.649624,-79.960487,0.000000,20.000000,0.000000,0.000000
2014-11-07T13:29:44Z,39.649643,-79.960496,0.000000,20.000000,0.000000,0.000000
2014-11-07T13:30:48Z,39.649630,-79.960469,0.000000,20.000000,0.000000,0.000000
2014-11-07T13:31:51Z,39.649651,-79.960506,0.000000,20.000000,0.000000,0.000000
2014-11-07T13:32:55Z,39.649636,-79.960506,0.000000,20.000000,0.000000,0.000000
2014-11-07T13:34:00Z,39.649501,-79.960587,336.000000,16.000000,0.000000,0.000000
2014-11-07T13:35:02Z,39.649623,-79.960517,0.000000,37.702999,0.000000,0.000000
2014-11-07T13:36:06Z,39.649688,-79.960548,0.000000,30.000000,0.000000,0.000000
2014-11-07T13:37:10Z,39.649651,-79.960506,0.000000,20.000000,0.000000,0.000000
2014-11-07T13:38:15Z,39.649460,-79.960614,332.000000,7.000000,0.000000,0.000000
2014-11-07T13:39:17Z,39.649636,-79.960504,0.000000,38.830002,0.000000,0.000000
2014-11-07T13:40:22Z,39.649446,-79.960400,315.000000,12.000000,0.000000,0.190000
2014-11-07T13:41:24Z,39.649629,-79.960468,0.000000,20.000000,0.000000,0.000000
2014-11-07T13:42:28Z,39.649658,-79.960492,0.000000,20.000000,0.000000,0.000000
2014-11-07T13:43:32Z,39.649640,-79.960476,0.000000,20.000000,0.000000,0.000000
2014-11-07T13:44:36Z,39.649618,-79.960476,0.000000,37.161999,0.000000,0.000000
2014-11-07T13:45:40Z,39.649630,-79.960502,0.000000,20.000000,0.000000,0.000000
2014-11-07T13:46:40Z,39.649649,-79.960507,0.000000,20.000000,0.000000,0.000000
2014-11-07T13:47:44Z,39.649677,-79.960515,0.000000,30.000000,0.000000,0.000000
2014-11-07T13:48:49Z,39.649515,-79.960654,326.000000,12.000000,0.000000,0.000000
2014-11-07T13:49:51Z,39.649611,-79.960492,0.000000,36.520000,0.000000,0.000000
2014-11-07T13:50:55Z,39.649626,-79.960475,0.000000,37.903000,0.000000,0.000000
2014-11-07T13:52:05Z,39.649625,-79.960488,0.000000,20.000000,0.000000,0.000000
2014-11-07T13:53:10Z,39.649680,-79.960509,0.000000,30.000000,0.000000,0.000000
2014-11-07T13:54:14Z,39.649648,-79.960511,0.000000,39.994999,0.000000,0.000000
2014-11-07T13:55:18Z,39.649617,-79.960498,0.000000,37.071999,0.000000,0.000000
2014-11-07T13:56:22Z,39.649627,-79.960490,0.000000,37.987999,0.000000,0.000000
2014-11-07T13:57:26Z,39.649623,-79.960464,0.000000,20.000000,0.000000,0.000000
2014-11-07T13:58:30Z,39.649624,-79.960477,0.000000,20.000000,0.000000,0.000000
2014-11-07T13:59:34Z,39.649588,-79.960375,309.000000,12.000000,0.000000,0.000000
2014-11-07T14:00:35Z,39.649584,-79.960410,305.000000,12.000000,0.000000,0.000000
2014-11-07T14:01:36Z,39.649705,-79.960494,0.000000,30.000000,0.000000,0.000000
2014-11-07T14:02:41Z,39.649481,-79.960172,277.000000,17.000000,64.099998,0.251794
2014-11-07T14:03:45Z,39.649628,-79.960259,272.000000,18.000000,0.000000,0.000000
2014-11-07T14:04:50Z,39.649592,-79.960244,271.000000,12.000000,0.000000,0.000000
2014-11-07T14:05:56Z,39.649455,-79.960385,299.000000,15.000000,0.000000,0.000000
2014-11-07T14:07:02Z,39.649496,-79.960329,292.000000,19.000000,0.000000,0.000000
2014-11-07T14:08:09Z,39.649611,-79.960466,0.000000,36.486000,0.000000,0.000000
2014-11-07T14:09:14Z,39.649619,-79.960456,0.000000,20.000000,0.000000,0.000000
2014-11-07T14:10:18Z,39.649381,-79.960414,322.000000,16.000000,0.000000,0.000000
2014-11-07T14:11:29Z,39.649346,-79.960428,325.000000,17.000000,0.000000,0.000000
2014-11-07T14:12:34Z,39.649630,-79.960532,0.000000,38.446999,0.000000,0.000000
2014-11-07T14:13:38Z,39.649468,-79.960250,355.000000,14.000000,0.000000,0.000000
2014-11-07T14:14:43Z,39.649635,-79.960493,0.000000,20.000000,0.000000,0.000000
2014-11-07T14:15:47Z,39.649703,-79.960477,0.000000,30.000000,0.000000,0.000000
2014-11-07T14:16:47Z,39.649607,-79.960467,0.000000,36.178001,0.000000,0.000000
2014-11-07T14:17:52Z,39.649614,-79.960477,0.000000,20.000000,0.000000,0.000000
2014-11-07T14:18:56Z,39.649628,-79.960469,0.000000,20.000000,0.000000,0.000000
2014-11-07T14:20:03Z,39.649480,-79.960334,324.000000,12.000000,0.000000,0.000000
2014-11-07T14:21:07Z,39.649426,-79.960611,312.000000,12.000000,0.000000,0.120000
2014-11-07T14:22:11Z,39.649562,-79.960724,328.000000,17.000000,0.000000,0.000000
2014-11-07T14:23:15Z,39.649486,-79.960649,334.000000,17.000000,0.000000,0.000000
2014-11-07T14:24:20Z,39.649724,-79.960540,0.000000,30.000000,0.000000,0.000000
2014-11-07T14:25:25Z,39.649618,-79.960517,0.000000,37.296001,0.000000,0.000000
2014-11-07T14:26:29Z,39.649626,-79.960453,0.000000,20.000000,0.000000,0.000000
2014-11-07T14:27:33Z,39.649434,-79.960395,314.000000,18.000000,0.000000,0.000000
2014-11-07T14:28:36Z,39.649624,-79.960505,0.000000,37.731998,0.000000,0.000000
2014-11-07T14:29:40Z,39.649690,-79.960505,0.000000,30.000000,0.000000,0.000000
2014-11-07T14:30:44Z,39.649699,-79.960490,0.000000,30.000000,0.000000,0.000000
2014-11-07T14:31:45Z,39.649667,-79.960496,0.000000,30.000000,0.000000,0.000000
2014-11-07T14:32:48Z,39.649509,-79.960476,325.000000,19.000000,0.000000,0.000000
2014-11-07T14:33:51Z,39.649502,-79.960477,316.000000,14.000000,0.000000,0.000000
2014-11-07T14:34:54Z,39.649640,-79.960480,0.000000,39.181000,0.000000,0.000000
2014-11-07T14:35:58Z,39.649624,-79.960461,0.000000,20.000000,0.000000,0.000000
2014-11-07T14:37:02Z,39.649629,-79.960466,0.000000,20.000000,0.000000,0.000000
2014-11-07T14:38:06Z,39.649707,-79.960492,0.000000,30.000000,0.000000,0.000000
2014-11-07T14:39:10Z,39.649632,-79.960482,0.000000,20.000000,0.000000,0.000000
2014-11-07T14:40:14Z,39.649560,-79.960559,324.000000,15.000000,0.000000,0.000000
2014-11-07T14:41:17Z,39.649633,-79.960476,0.000000,20.000000,0.000000,0.000000
2014-11-07T14:42:25Z,39.649638,-79.960489,0.000000,38.977001,0.000000,0.000000
2014-11-07T14:43:29Z,39.649647,-79.960498,0.000000,20.000000,0.000000,0.000000
2014-11-07T14:44:33Z,39.649593,-79.960531,337.000000,12.000000,0.000000,0.000000
2014-11-07T14:45:37Z,39.649583,-79.960506,342.000000,12.000000,0.000000,0.000000
2014-11-07T14:46:37Z,39.649630,-79.960493,0.000000,38.290001,0.000000,0.000000
2014-11-07T14:47:41Z,39.649544,-79.960760,385.000000,19.000000,64.099998,0.254951
2014-11-07T14:48:44Z,39.649614,-79.960493,0.000000,36.779999,0.000000,0.000000
2014-11-07T14:49:49Z,39.649638,-79.960488,0.000000,20.000000,0.000000,0.000000
2014-11-07T14:50:52Z,39.649626,-79.960466,0.000000,20.000000,0.000000,0.000000
2014-11-07T14:51:56Z,39.649640,-79.960502,0.000000,39.238998,0.000000,0.000000
2014-11-07T14:53:00Z,39.649515,-79.960617,366.000000,16.000000,0.000000,0.000000
2014-11-07T14:54:03Z,39.649509,-79.960528,352.000000,15.000000,0.000000,0.000000
2014-11-07T14:55:06Z,39.649629,-79.960496,0.000000,38.241001,0.000000,0.000000
2014-11-07T14:56:10Z,39.649519,-79.960479,340.000000,17.000000,0.000000,0.000000
2014-11-07T14:57:13Z,39.649628,-79.960491,0.000000,38.127998,0.000000,0.000000
2014-11-07T14:58:17Z,39.649620,-79.960467,0.000000,37.390999,0.000000,0.000000
2014-11-07T14:59:21Z,39.649537,-79.960612,336.000000,10.000000,0.000000,0.000000
2014-11-07T15:00:25Z,39.649677,-79.960489,0.000000,30.000000,0.000000,0.000000
2014-11-07T15:01:28Z,39.649567,-79.960573,336.000000,17.000000,0.000000,0.000000
2014-11-07T15:02:31Z,39.649641,-79.960491,0.000000,21.368999,0.000000,0.000000
2014-11-07T15:03:35Z,39.649625,-79.960501,0.000000,37.812000,0.000000,0.000000
2014-11-07T15:04:39Z,39.649671,-79.960461,0.000000,30.000000,0.000000,0.000000
2014-11-07T15:05:43Z,39.649486,-79.960247,304.000000,16.000000,64.099998,0.335410
2014-11-07T15:06:43Z,39.649624,-79.960478,0.000000,20.000000,0.000000,0.000000
2014-11-07T15:07:47Z,39.649550,-79.960524,315.000000,18.000000,0.000000,0.000000
2014-11-07T15:08:51Z,39.649628,-79.960500,0.000000,38.120998,0.000000,0.000000
2014-11-07T15:09:54Z,39.649629,-79.960476,0.000000,20.000000,0.000000,0.000000
2014-11-07T15:10:59Z,39.649680,-79.960498,0.000000,30.000000,0.000000,0.000000
2014-11-07T15:12:10Z,39.649555,-79.960591,343.000000,13.000000,0.000000,0.000000
2014-11-07T15:13:13Z,39.649632,-79.960490,0.000000,20.000000,0.000000,0.000000
2014-11-07T15:14:17Z,39.649384,-79.960668,307.000000,14.000000,0.000000,0.060000
2014-11-07T15:15:20Z,39.649627,-79.960460,0.000000,20.000000,0.000000,0.000000
2014-11-07T15:16:24Z,39.649631,-79.960472,0.000000,20.000000,0.000000,0.000000
2014-11-07T15:17:28Z,39.649637,-79.960487,0.000000,20.000000,0.000000,0.000000
2014-11-07T15:18:32Z,39.649625,-79.960450,0.000000,20.000000,0.000000,0.000000
2014-11-07T15:19:36Z,39.649627,-79.960452,0.000000,20.000000,0.000000,0.000000
2014-11-07T15:20:40Z,39.649616,-79.960447,0.000000,26.187000,0.000000,0.000000
2014-11-07T15:21:44Z,39.649700,-79.960506,0.000000,30.000000,0.000000,0.000000
2014-11-07T15:22:48Z,39.649684,-79.960480,0.000000,30.000000,0.000000,0.000000
2014-11-07T15:23:51Z,39.649717,-79.960491,0.000000,30.000000,0.000000,0.000000
2014-11-07T15:24:55Z,39.649641,-79.960488,0.000000,20.000000,0.000000,0.000000
2014-11-07T15:25:59Z,39.649614,-79.960445,0.000000,20.000000,0.000000,0.000000
2014-11-07T15:27:00Z,39.649634,-79.960474,0.000000,20.000000,0.000000,0.000000
2014-11-07T15:28:03Z,39.649635,-79.960473,0.000000,20.000000,0.000000,0.000000
2014-11-07T15:29:07Z,39.649634,-79.960493,0.000000,20.000000,0.000000,0.000000
2014-11-07T15:30:11Z,39.649611,-79.960482,0.000000,36.478001,0.000000,0.000000
2014-11-07T15:31:15Z,39.649619,-79.960446,0.000000,26.066999,0.000000,0.000000
2014-11-07T15:32:19Z,39.649635,-79.960479,0.000000,38.764000,0.000000,0.000000
2014-11-07T15:33:23Z,39.649632,-79.960496,0.000000,38.444000,0.000000,0.000000
2014-11-07T15:34:26Z,39.649642,-79.960463,0.000000,20.000000,0.000000,0.000000
2014-11-07T15:35:30Z,39.649644,-79.960514,0.000000,20.000000,0.000000,0.000000
2014-11-07T15:36:34Z,39.649640,-79.960478,0.000000,39.227001,0.000000,0.000000
2014-11-07T15:37:38Z,39.649708,-79.960484,0.000000,30.000000,0.000000,0.000000
2014-11-07T15:38:42Z,39.649628,-79.960474,0.000000,20.000000,0.000000,0.000000
2014-11-07T15:39:46Z,39.649620,-79.960452,0.000000,20.000000,0.000000,0.000000
2014-11-07T15:40:50Z,39.649653,-79.960487,0.000000,20.000000,0.000000,0.000000
2014-11-07T15:41:55Z,39.649621,-79.960471,0.000000,20.000000,0.000000,0.000000
2014-11-07T15:42:59Z,39.649676,-79.960502,0.000000,30.000000,0.000000,0.000000
2014-11-07T15:44:03Z,39.649495,-79.960715,354.000000,14.000000,0.000000,0.000000
2014-11-07T15:45:07Z,39.649598,-79.960500,0.000000,35.320000,0.000000,0.000000
2014-11-07T15:46:11Z,39.649647,-79.960491,0.000000,39.841000,0.000000,0.000000
2014-11-07T15:47:15Z,39.649608,-79.960456,0.000000,20.000000,0.000000,0.000000
2014-11-07T15:48:18Z,39.649657,-79.960484,0.000000,30.000000,0.000000,0.000000
2014-11-07T15:49:22Z,39.649583,-79.960450,0.000000,33.993999,0.000000,0.000000
2014-11-07T15:50:26Z,39.649479,-79.960659,348.000000,17.000000,30.900000,0.380526
2014-11-07T15:51:26Z,39.649616,-79.960517,0.000000,20.398001,0.000000,0.000000
2014-11-07T15:52:30Z,39.649606,-79.960478,0.000000,20.000000,0.000000,0.000000
2014-11-07T15:53:34Z,39.649286,-79.960623,301.000000,16.000000,0.000000,0.080000
2014-11-07T15:54:38Z,39.649637,-79.960687,371.000000,18.000000,30.900000,0.550000
2014-11-07T15:55:42Z,39.649344,-79.960294,338.000000,16.000000,0.000000,0.000000
2014-11-07T15:56:46Z,39.649595,-79.960513,0.000000,20.000000,0.000000,0.000000
2014-11-07T15:57:50Z,39.649593,-79.960511,0.000000,20.000000,0.000000,0.000000
2014-11-07T15:58:51Z,39.649341,-79.960370,322.000000,9.000000,0.000000,0.000000
2014-11-07T15:59:55Z,39.649604,-79.960477,0.000000,35.837002,0.000000,0.000000
2014-11-07T16:01:01Z,39.649592,-79.960498,0.000000,20.000000,0.000000,0.000000
2014-11-07T16:02:05Z,39.649594,-79.960484,0.000000,20.000000,0.000000,0.000000
2014-11-07T16:03:13Z,39.649597,-79.960492,0.000000,20.000000,0.000000,0.000000
2014-11-07T16:04:18Z,39.649577,-79.960501,0.000000,20.000000,0.000000,0.000000
2014-11-07T16:05:23Z,39.649609,-79.960276,329.000000,18.000000,0.000000,0.000000
2014-11-07T16:06:29Z,39.649574,-79.960384,323.000000,16.000000,0.000000,0.000000
2014-11-07T16:07:33Z,39.649545,-79.960395,322.000000,15.000000,0.000000,0.000000
2014-11-07T16:08:38Z,39.649477,-79.960492,319.000000,18.000000,0.000000,0.000000
2014-11-07T16:09:43Z,39.649496,-79.960419,319.000000,19.000000,0.000000,0.000000
2014-11-07T16:10:47Z,39.649573,-79.960488,0.000000,20.000000,0.000000,0.000000
2014-11-07T16:11:52Z,39.649497,-79.960454,317.000000,8.000000,0.000000,0.010000
2014-11-07T16:12:56Z,39.649611,-79.960491,0.000000,20.000000,0.000000,0.000000
2014-11-07T16:14:00Z,39.649590,-79.960512,0.000000,20.000000,0.000000,0.000000
2014-11-07T16:15:04Z,39.649637,-79.960519,0.000000,30.000000,0.000000,0.000000
2014-11-07T16:16:08Z,39.649598,-79.960511,0.000000,20.000000,0.000000,0.000000
2014-11-07T16:17:12Z,39.649605,-79.960509,0.000000,36.019001,0.000000,0.000000
2014-11-07T16:18:16Z,39.649581,-79.960444,0.000000,20.000000,0.000000,0.000000
2014-11-07T16:19:20Z,39.649706,-79.960498,0.000000,25.136000,0.000000,0.000000
2014-11-07T16:20:27Z,39.649331,-79.960510,294.000000,13.000000,0.000000,0.000000
2014-11-07T16:21:31Z,39.649594,-79.960508,0.000000,35.410999,0.000000,0.000000
2014-11-07T16:22:37Z,39.649606,-79.960505,0.000000,20.000000,0.000000,0.000000
2014-11-07T16:23:41Z,39.649645,-79.960510,0.000000,30.000000,0.000000,0.000000
2014-11-07T16:24:50Z,39.649712,-79.960494,0.000000,25.664000,0.000000,0.000000
2014-11-07T16:25:54Z,39.649411,-79.960426,330.000000,9.000000,69.599998,1.601312
2014-11-07T16:26:59Z,39.649476,-79.960369,316.000000,14.000000,0.000000,0.000000
2014-11-07T16:28:03Z,39.649483,-79.960364,321.000000,12.000000,0.000000,0.000000
2014-11-07T16:29:07Z,39.649488,-79.960402,328.000000,12.000000,0.000000,0.000000
2014-11-07T16:30:12Z,39.649496,-79.960397,326.000000,25.000000,0.000000,0.000000
2014-11-07T16:31:12Z,39.649571,-79.960470,0.000000,32.776001,0.000000,0.000000
2014-11-07T16:32:16Z,39.649498,-79.960403,325.000000,17.000000,0.000000,0.000000
2014-11-07T16:33:21Z,39.649580,-79.960514,0.000000,34.292000,0.000000,0.000000
2014-11-07T16:34:26Z,39.649586,-79.960483,0.000000,29.492001,0.000000,0.000000
2014-11-07T16:35:31Z,39.649472,-79.960665,300.000000,30.000000,0.000000,0.000000
2014-11-07T16:36:36Z,39.649430,-79.960506,322.000000,13.000000,69.599998,0.211896
2014-11-07T16:37:44Z,39.649548,-79.960460,0.000000,30.666000,0.000000,0.000000
2014-11-07T16:38:48Z,39.649601,-79.960510,0.000000,20.000000,0.000000,0.000000
2014-11-07T16:39:52Z,39.649569,-79.960125,296.000000,21.000000,0.000000,0.000000
2014-11-07T16:40:56Z,39.649473,-79.960305,284.000000,13.000000,0.000000,0.000000
2014-11-07T16:41:56Z,39.649596,-79.960518,0.000000,20.000000,0.000000,0.000000
2014-11-07T16:43:00Z,39.649530,-79.960363,305.000000,17.000000,0.000000,0.000000
2014-11-07T16:44:04Z,39.649589,-79.960513,0.000000,34.532001,0.000000,0.000000
2014-11-07T16:45:08Z,39.649544,-79.960486,0.000000,22.000000,0.000000,0.000000
2014-11-07T16:46:12Z,39.649656,-79.960507,0.000000,20.419001,0.000000,0.000000
2014-11-07T16:47:30Z,39.650039,-79.960413,0.000000,51.275002,0.000000,0.000000
2014-11-07T16:48:33Z,39.649914,-79.960634,302.000000,14.000000,196.300003,0.888876
2014-11-07T16:49:33Z,39.649488,-79.961443,0.000000,48.959000,0.000000,0.000000
2014-11-07T16:50:36Z,39.649158,-79.962328,295.000000,11.000000,196.300003,1.777892
2014-11-07T16:51:36Z,39.648968,-79.962545,0.000000,52.056999,0.000000,0.000000
2014-11-07T16:52:37Z,39.649309,-79.964426,0.000000,40.500000,0.000000,0.000000
2014-11-07T16:53:37Z,39.648389,-79.962540,0.000000,1564.000000,0.000000,0.000000
2014-11-07T16:54:38Z,39.648389,-79.962540,0.000000,1564.000000,0.000000,0.000000
2014-11-07T16:55:38Z,39.648389,-79.962540,0.000000,1564.000000,0.000000,0.000000
2014-11-07T16:56:39Z,39.648389,-79.962540,0.000000,1564.000000,0.000000,0.000000
2014-11-07T16:57:40Z,39.649742,-79.968688,0.000000,1564.000000,0.000000,0.000000
2014-11-07T16:58:41Z,39.651094,-79.974835,0.000000,2601.000000,0.000000,0.000000
2014-11-07T16:59:42Z,39.651094,-79.974835,0.000000,2601.000000,0.000000,0.000000
2014-11-07T17:00:42Z,39.651094,-79.974835,0.000000,2601.000000,0.000000,0.000000
2014-11-07T17:01:42Z,39.651094,-79.974835,0.000000,2601.000000,0.000000,0.000000
2014-11-07T17:03:02Z,39.651094,-79.974835,0.000000,2601.000000,0.000000,0.000000
2014-11-07T17:04:03Z,39.651094,-79.974835,0.000000,2601.000000,0.000000,0.000000
2014-11-07T17:05:03Z,39.651075,-79.976011,0.000000,2658.000000,0.000000,0.000000
2014-11-07T17:06:30Z,39.651075,-79.976011,0.000000,2658.000000,0.000000,0.000000
2014-11-07T17:07:40Z,39.651075,-79.976011,0.000000,2658.000000,0.000000,0.000000
2014-11-07T17:08:41Z,39.651075,-79.976011,0.000000,2658.000000,0.000000,0.000000
2014-11-07T17:09:42Z,39.651075,-79.976011,0.000000,2658.000000,0.000000,0.000000
2014-11-07T17:10:42Z,39.651075,-79.976011,0.000000,2658.000000,0.000000,0.000000
2014-11-07T17:11:43Z,39.651075,-79.976011,0.000000,2658.000000,0.000000,0.000000
2014-11-07T17:13:04Z,39.651075,-79.976011,0.000000,2658.000000,0.000000,0.000000
2014-11-07T17:14:05Z,39.651075,-79.976011,0.000000,2658.000000,0.000000,0.000000
2014-11-07T17:15:05Z,39.651075,-79.976011,0.000000,2658.000000,0.000000,0.000000
2014-11-07T17:16:05Z,39.651075,-79.976011,0.000000,2658.000000,0.000000,0.000000
2014-11-07T17:17:06Z,39.651075,-79.976011,0.000000,2658.000000,0.000000,0.000000
2014-11-07T17:18:07Z,39.651075,-79.976011,0.000000,2658.000000,0.000000,0.000000
2014-11-07T17:19:11Z,39.651075,-79.976011,0.000000,2658.000000,0.000000,0.000000
2014-11-07T17:20:12Z,39.651075,-79.976011,0.000000,2658.000000,0.000000,0.000000
2014-11-07T17:21:26Z,39.651075,-79.976011,0.000000,2658.000000,0.000000,0.000000
2014-11-07T17:22:27Z,39.651075,-79.976011,0.000000,2658.000000,0.000000,0.000000
2014-11-07T17:23:28Z,39.651075,-79.976011,0.000000,2658.000000,0.000000,0.000000
2014-11-07T17:24:29Z,39.651075,-79.976011,0.000000,2658.000000,0.000000,0.000000
2014-11-07T17:25:35Z,39.651075,-79.976011,0.000000,2658.000000,0.000000,0.000000
2014-11-07T17:26:35Z,39.651075,-79.976011,0.000000,2658.000000,0.000000,0.000000
2014-11-07T17:27:36Z,39.651075,-79.976011,0.000000,2658.000000,0.000000,0.000000
2014-11-07T17:28:37Z,39.651075,-79.976011,0.000000,2658.000000,0.000000,0.000000
2014-11-07T17:29:39Z,39.651075,-79.976011,0.000000,2658.000000,0.000000,0.000000
2014-11-07T17:30:40Z,39.651075,-79.976011,0.000000,2658.000000,0.000000,0.000000
2014-11-07T17:31:41Z,39.651075,-79.976011,0.000000,2658.000000,0.000000,0.000000
2014-11-07T17:32:43Z,39.651075,-79.976011,0.000000,2658.000000,0.000000,0.000000
2014-11-07T17:33:43Z,39.651075,-79.976011,0.000000,2658.000000,0.000000,0.000000
2014-11-07T17:34:44Z,39.651075,-79.976011,0.000000,2658.000000,0.000000,0.000000
2014-11-07T17:35:45Z,39.651075,-79.976011,0.000000,2658.000000,0.000000,0.000000
2014-11-07T17:36:46Z,39.651075,-79.976011,0.000000,2658.000000,0.000000,0.000000
2014-11-07T17:37:52Z,39.651075,-79.976011,0.000000,2658.000000,0.000000,0.000000
2014-11-07T17:38:53Z,39.651075,-79.976011,0.000000,2658.000000,0.000000,0.000000
2014-11-07T17:39:54Z,39.651075,-79.976011,0.000000,2658.000000,0.000000,0.000000
2014-11-07T17:40:55Z,39.651075,-79.976011,0.000000,2658.000000,0.000000,0.000000
2014-11-07T17:41:55Z,39.651075,-79.976011,0.000000,2658.000000,0.000000,0.000000
2014-11-07T17:42:56Z,39.651075,-79.976011,0.000000,2658.000000,0.000000,0.000000
2014-11-07T17:43:56Z,39.651075,-79.976011,0.000000,2658.000000,0.000000,0.000000
2014-11-07T17:44:57Z,39.651075,-79.976011,0.000000,2658.000000,0.000000,0.000000
2014-11-07T17:45:57Z,39.651075,-79.976011,0.000000,2658.000000,0.000000,0.000000
2014-11-07T17:46:58Z,39.651075,-79.976011,0.000000,2658.000000,0.000000,0.000000
2014-11-07T17:47:58Z,39.651075,-79.976011,0.000000,2658.000000,0.000000,0.000000
2014-11-07T17:48:59Z,39.651075,-79.976011,0.000000,2658.000000,0.000000,0.000000
2014-11-07T17:50:00Z,39.651075,-79.976011,0.000000,2658.000000,0.000000,0.000000
2014-11-07T17:51:00Z,39.651075,-79.976011,0.000000,2658.000000,0.000000,0.000000
2014-11-07T17:52:00Z,39.651075,-79.976011,0.000000,2658.000000,0.000000,0.000000
2014-11-07T17:53:01Z,39.646059,-79.973695,313.000000,87.000000,0.000000,0.000000
2014-11-07T17:54:01Z,39.651094,-79.974835,0.000000,2601.000000,0.000000,0.000000
2014-11-07T17:55:02Z,39.651094,-79.974835,0.000000,2601.000000,0.000000,0.000000
2014-11-07T17:56:02Z,39.651094,-79.974835,0.000000,2601.000000,0.000000,0.000000
2014-11-07T17:57:03Z,39.651094,-79.974835,0.000000,2601.000000,0.000000,0.000000
2014-11-07T17:58:03Z,39.651094,-79.974835,0.000000,2601.000000,0.000000,0.000000
2014-11-07T17:59:04Z,39.651094,-79.974835,0.000000,2601.000000,0.000000,0.000000
2014-11-07T18:00:05Z,39.651094,-79.974835,0.000000,2601.000000,0.000000,0.000000
2014-11-07T18:01:06Z,39.651094,-79.974835,0.000000,2601.000000,0.000000,0.000000
2014-11-07T18:02:07Z,39.651094,-79.974835,0.000000,2601.000000,0.000000,0.000000
2014-11-07T18:03:27Z,39.651094,-79.974835,0.000000,2601.000000,0.000000,0.000000
2014-11-07T18:04:30Z,39.651094,-79.974835,0.000000,2601.000000,0.000000,0.000000
2014-11-07T18:05:31Z,39.651094,-79.974835,0.000000,2601.000000,0.000000,0.000000
2014-11-07T18:06:31Z,39.651094,-79.974835,0.000000,2601.000000,0.000000,0.000000
2014-11-07T18:07:32Z,39.651094,-79.974835,0.000000,2601.000000,0.000000,0.000000
2014-11-07T18:08:32Z,39.651094,-79.974835,0.000000,2601.000000,0.000000,0.000000
2014-11-07T18:09:32Z,39.651094,-79.974835,0.000000,2601.000000,0.000000,0.000000
2014-11-07T18:10:33Z,39.651094,-79.974835,0.000000,2601.000000,0.000000,0.000000
2014-11-07T18:11:34Z,39.651094,-79.974835,0.000000,2601.000000,0.000000,0.000000
2014-11-07T18:12:35Z,39.651094,-79.974835,0.000000,2601.000000,0.000000,0.000000
2014-11-07T18:13:35Z,39.651094,-79.974835,0.000000,2601.000000,0.000000,0.000000
2014-11-07T18:14:36Z,39.651094,-79.974835,0.000000,2601.000000,0.000000,0.000000
2014-11-07T18:15:36Z,39.651094,-79.974835,0.000000,2601.000000,0.000000,0.000000
2014-11-07T18:16:37Z,39.651094,-79.974835,0.000000,2601.000000,0.000000,0.000000
2014-11-07T18:17:37Z,39.645940,-79.967410,0.000000,2134.000000,0.000000,0.000000
2014-11-07T18:18:38Z,39.640784,-79.959986,0.000000,2134.000000,0.000000,0.000000
2014-11-07T18:19:38Z,39.640784,-79.959986,0.000000,2134.000000,0.000000,0.000000
2014-11-07T18:20:40Z,39.640784,-79.959986,0.000000,2134.000000,0.000000,0.000000
2014-11-07T18:21:42Z,39.640784,-79.959986,0.000000,2134.000000,0.000000,0.000000
2014-11-07T18:23:30Z,39.640784,-79.959986,0.000000,2134.000000,0.000000,0.000000
2014-11-07T18:24:31Z,39.640784,-79.959986,0.000000,2134.000000,0.000000,0.000000
2014-11-07T18:25:32Z,39.640784,-79.959986,0.000000,2134.000000,0.000000,0.000000
2014-11-07T18:26:32Z,39.640784,-79.959986,0.000000,2134.000000,0.000000,0.000000
2014-11-07T18:27:34Z,39.640784,-79.959986,0.000000,2134.000000,0.000000,0.000000
2014-11-07T18:28:35Z,39.640784,-79.959986,0.000000,2134.000000,0.000000,0.000000
2014-11-07T18:29:36Z,39.640784,-79.959986,0.000000,2134.000000,0.000000,0.000000
2014-11-07T18:30:36Z,39.640784,-79.959986,0.000000,2134.000000,0.000000,0.000000
2014-11-07T18:31:47Z,39.640784,-79.959986,0.000000,2134.000000,0.000000,0.000000
2014-11-07T18:32:47Z,39.640784,-79.959986,0.000000,2134.000000,0.000000,0.000000
2014-11-07T18:33:49Z,39.640784,-79.959986,0.000000,2134.000000,0.000000,0.000000
2014-11-07T18:34:50Z,39.640784,-79.959986,0.000000,2134.000000,0.000000,0.000000
2014-11-07T18:35:52Z,39.640784,-79.959986,0.000000,2134.000000,0.000000,0.000000
2014-11-07T18:37:24Z,39.640784,-79.959986,0.000000,2134.000000,0.000000,0.000000
2014-11-07T18:38:24Z,39.640784,-79.959986,0.000000,2134.000000,0.000000,0.000000
2014-11-07T18:39:24Z,39.640784,-79.959986,0.000000,2134.000000,0.000000,0.000000
2014-11-07T18:40:24Z,39.640784,-79.959986,0.000000,2134.000000,0.000000,0.000000
2014-11-07T18:41:25Z,39.640784,-79.959986,0.000000,2134.000000,0.000000,0.000000
2014-11-07T18:42:26Z,39.640784,-79.959986,0.000000,2134.000000,0.000000,0.000000
2014-11-07T18:43:26Z,39.640784,-79.959986,0.000000,2134.000000,0.000000,0.000000
2014-11-07T18:44:26Z,39.640784,-79.959986,0.000000,2134.000000,0.000000,0.000000
2014-11-07T18:45:27Z,39.640784,-79.959986,0.000000,2134.000000,0.000000,0.000000
2014-11-07T18:46:27Z,39.640784,-79.959986,0.000000,2134.000000,0.000000,0.000000
2014-11-07T18:47:27Z,39.640784,-79.959986,0.000000,2134.000000,0.000000,0.000000
2014-11-07T18:48:27Z,39.640784,-79.959986,0.000000,2134.000000,0.000000,0.000000
2014-11-07T18:49:35Z,39.640784,-79.959986,0.000000,2134.000000,0.000000,0.000000
2014-11-07T18:50:36Z,39.640784,-79.959986,0.000000,2134.000000,0.000000,0.000000
2014-11-07T18:51:37Z,39.640784,-79.959986,0.000000,2134.000000,0.000000,0.000000
2014-11-07T18:52:38Z,39.640784,-79.959986,0.000000,2134.000000,0.000000,0.000000
2014-11-07T18:53:38Z,39.640784,-79.959986,0.000000,2134.000000,0.000000,0.000000
2014-11-07T18:54:40Z,39.640784,-79.959986,0.000000,2134.000000,0.000000,0.000000
2014-11-07T18:55:41Z,39.640784,-79.959986,0.000000,2134.000000,0.000000,0.000000
2014-11-07T18:57:12Z,39.640784,-79.959986,0.000000,2134.000000,0.000000,0.000000
2014-11-07T18:58:12Z,39.640784,-79.959986,0.000000,2134.000000,0.000000,0.000000
2014-11-07T18:59:13Z,39.640784,-79.959986,0.000000,2134.000000,0.000000,0.000000
2014-11-07T19:00:16Z,39.640784,-79.959986,0.000000,2134.000000,0.000000,0.000000
2014-11-07T19:01:19Z,39.640784,-79.959986,0.000000,2134.000000,0.000000,0.000000
2014-11-07T19:02:28Z,39.640784,-79.959986,0.000000,2134.000000,0.000000,0.000000
2014-11-07T19:03:31Z,39.640784,-79.959986,0.000000,2134.000000,0.000000,0.000000
2014-11-07T19:04:31Z,39.640784,-79.959986,0.000000,2134.000000,0.000000,0.000000
2014-11-07T19:05:32Z,39.640784,-79.959986,0.000000,2134.000000,0.000000,0.000000
2014-11-07T19:06:32Z,39.640784,-79.959986,0.000000,2134.000000,0.000000,0.000000
2014-11-07T19:07:33Z,39.640784,-79.959986,0.000000,2134.000000,0.000000,0.000000
2014-11-07T19:08:33Z,39.640784,-79.959986,0.000000,2134.000000,0.000000,0.000000
2014-11-07T19:09:33Z,39.640784,-79.959986,0.000000,2134.000000,0.000000,0.000000
2014-11-07T19:10:35Z,39.640784,-79.959986,0.000000,2134.000000,0.000000,0.000000
2014-11-07T19:11:37Z,39.640784,-79.959986,0.000000,2134.000000,0.000000,0.000000
2014-11-07T19:12:38Z,39.640784,-79.959986,0.000000,2134.000000,0.000000,0.000000
2014-11-07T19:13:38Z,39.640784,-79.959986,0.000000,2134.000000,0.000000,0.000000
2014-11-07T19:14:42Z,39.640784,-79.959986,0.000000,2134.000000,0.000000,0.000000
2014-11-07T19:15:42Z,39.640784,-79.959986,0.000000,2134.000000,0.000000,0.000000
2014-11-07T19:16:43Z,39.645276,-79.972640,359.000000,106.000000,0.000000,0.000000
2014-11-07T19:17:47Z,39.640784,-79.959986,0.000000,2134.000000,0.000000,0.000000
2014-11-07T19:18:48Z,39.640784,-79.959986,0.000000,2134.000000,0.000000,0.000000
2014-11-07T19:19:49Z,39.640784,-79.959986,0.000000,2134.000000,0.000000,0.000000
2014-11-07T19:20:49Z,39.640784,-79.959986,0.000000,2134.000000,0.000000,0.000000
2014-11-07T19:21:49Z,39.640784,-79.959986,0.000000,2134.000000,0.000000,0.000000
2014-11-07T19:22:50Z,39.640784,-79.959986,0.000000,2134.000000,0.000000,0.000000
2014-11-07T19:23:50Z,39.640784,-79.959986,0.000000,2134.000000,0.000000,0.000000
2014-11-07T19:24:54Z,39.640784,-79.959986,0.000000,2134.000000,0.000000,0.000000
2014-11-07T19:25:55Z,39.640784,-79.959986,0.000000,2134.000000,0.000000,0.000000
2014-11-07T19:27:18Z,39.640784,-79.959986,0.000000,2134.000000,0.000000,0.000000
2014-11-07T19:28:24Z,39.640784,-79.959986,0.000000,2134.000000,0.000000,0.000000
2014-11-07T19:29:25Z,39.640784,-79.959986,0.000000,2134.000000,0.000000,0.000000
2014-11-07T19:30:26Z,39.640784,-79.959986,0.000000,2134.000000,0.000000,0.000000
2014-11-07T19:31:26Z,39.640784,-79.959986,0.000000,2134.000000,0.000000,0.000000
2014-11-07T19:32:26Z,39.640784,-79.959986,0.000000,2134.000000,0.000000,0.000000
2014-11-07T19:33:27Z,39.640784,-79.959986,0.000000,2134.000000,0.000000,0.000000
2014-11-07T19:34:28Z,39.640784,-79.959986,0.000000,2134.000000,0.000000,0.000000
2014-11-07T19:35:36Z,39.640784,-79.959986,0.000000,2134.000000,0.000000,0.000000
2014-11-07T19:36:37Z,39.640784,-79.959986,0.000000,2134.000000,0.000000,0.000000
2014-11-07T19:37:37Z,39.640784,-79.959986,0.000000,2134.000000,0.000000,0.000000
2014-11-07T19:38:38Z,39.640784,-79.959986,0.000000,2134.000000,0.000000,0.000000
2014-11-07T19:39:39Z,39.640784,-79.959986,0.000000,2134.000000,0.000000,0.000000
2014-11-07T19:40:58Z,39.640784,-79.959986,0.000000,2134.000000,0.000000,0.000000
2014-11-07T19:41:58Z,39.640784,-79.959986,0.000000,2134.000000,0.000000,0.000000
2014-11-07T19:43:19Z,39.640784,-79.959986,0.000000,2134.000000,0.000000,0.000000
2014-11-07T19:44:24Z,39.640784,-79.959986,0.000000,2134.000000,0.000000,0.000000
2014-11-07T19:45:25Z,39.640784,-79.959986,0.000000,2134.000000,0.000000,0.000000
2014-11-07T19:46:28Z,39.640784,-79.959986,0.000000,2134.000000,0.000000,0.000000
2014-11-07T19:47:39Z,39.640784,-79.959986,0.000000,2134.000000,0.000000,0.000000
2014-11-07T19:48:42Z,39.640784,-79.959986,0.000000,2134.000000,0.000000,0.000000
2014-11-07T19:49:43Z,39.640784,-79.959986,0.000000,2134.000000,0.000000,0.000000
2014-11-07T19:50:44Z,39.640784,-79.959986,0.000000,2134.000000,0.000000,0.000000
2014-11-07T19:51:55Z,39.640784,-79.959986,0.000000,2134.000000,0.000000,0.000000
2014-11-07T19:53:23Z,39.640784,-79.959986,0.000000,2134.000000,0.000000,0.000000
2014-11-07T19:54:24Z,39.640784,-79.959986,0.000000,2134.000000,0.000000,0.000000
2014-11-07T19:55:24Z,39.640784,-79.959986,0.000000,2134.000000,0.000000,0.000000
2014-11-07T19:56:29Z,39.640784,-79.959986,0.000000,2134.000000,0.000000,0.000000
2014-11-07T19:57:30Z,39.640784,-79.959986,0.000000,2134.000000,0.000000,0.000000
2014-11-07T19:58:49Z,39.640784,-79.959986,0.000000,2134.000000,0.000000,0.000000
2014-11-07T19:59:50Z,39.640784,-79.959986,0.000000,2134.000000,0.000000,0.000000
2014-11-07T20:00:50Z,39.640784,-79.959986,0.000000,2134.000000,0.000000,0.000000
2014-11-07T20:01:50Z,39.640784,-79.959986,0.000000,2134.000000,0.000000,0.000000
2014-11-07T20:02:51Z,39.640784,-79.959986,0.000000,2134.000000,0.000000,0.000000
2014-11-07T20:03:55Z,39.640784,-79.959986,0.000000,2134.000000,0.000000,0.000000
2014-11-07T20:04:55Z,39.640784,-79.959986,0.000000,2134.000000,0.000000,0.000000
2014-11-07T20:05:56Z,39.640784,-79.959986,0.000000,2134.000000,0.000000,0.000000
2014-11-07T20:07:07Z,39.640784,-79.959986,0.000000,2134.000000,0.000000,0.000000
2014-11-07T20:08:07Z,39.640784,-79.959986,0.000000,2134.000000,0.000000,0.000000
2014-11-07T20:09:07Z,39.640784,-79.959986,0.000000,2134.000000,0.000000,0.000000
2014-11-07T20:10:08Z,39.640784,-79.959986,0.000000,2134.000000,0.000000,0.000000
2014-11-07T20:11:09Z,39.640784,-79.959986,0.000000,2134.000000,0.000000,0.000000
2014-11-07T20:12:09Z,39.640784,-79.959986,0.000000,2134.000000,0.000000,0.000000
2014-11-07T20:13:11Z,39.640784,-79.959986,0.000000,2134.000000,0.000000,0.000000
2014-11-07T20:14:13Z,39.640784,-79.959986,0.000000,2134.000000,0.000000,0.000000
2014-11-07T20:15:14Z,39.640784,-79.959986,0.000000,2134.000000,0.000000,0.000000
2014-11-07T20:16:14Z,39.640784,-79.959986,0.000000,2134.000000,0.000000,0.000000
2014-11-07T20:17:15Z,39.640784,-79.959986,0.000000,2134.000000,0.000000,0.000000
2014-11-07T20:18:16Z,39.640784,-79.959986,0.000000,2134.000000,0.000000,0.000000
2014-11-07T20:19:28Z,39.640784,-79.959986,0.000000,2134.000000,0.000000,0.000000
2014-11-07T20:20:28Z,39.640784,-79.959986,0.000000,2134.000000,0.000000,0.000000
2014-11-07T20:21:29Z,39.640784,-79.959986,0.000000,2134.000000,0.000000,0.000000
2014-11-07T20:22:30Z,39.640784,-79.959986,0.000000,2134.000000,0.000000,0.000000
2014-11-07T20:23:31Z,39.640784,-79.959986,0.000000,2134.000000,0.000000,0.000000
2014-11-07T20:24:31Z,39.640784,-79.959986,0.000000,2134.000000,0.000000,0.000000
2014-11-07T20:25:32Z,39.640784,-79.959986,0.000000,2134.000000,0.000000,0.000000
2014-11-07T20:26:32Z,39.640784,-79.959986,0.000000,2134.000000,0.000000,0.000000
2014-11-07T20:27:32Z,39.640784,-79.959986,0.000000,2134.000000,0.000000,0.000000
2014-11-07T20:28:33Z,39.640784,-79.959986,0.000000,2134.000000,0.000000,0.000000
2014-11-07T20:29:34Z,39.640784,-79.959986,0.000000,2134.000000,0.000000,0.000000
2014-11-07T20:30:34Z,39.640784,-79.959986,0.000000,2134.000000,0.000000,0.000000
2014-11-07T20:31:35Z,39.640784,-79.959986,0.000000,2134.000000,0.000000,0.000000
2014-11-07T20:32:35Z,39.640784,-79.959986,0.000000,2134.000000,0.000000,0.000000
2014-11-07T20:33:36Z,39.640784,-79.959986,0.000000,2134.000000,0.000000,0.000000
2014-11-07T20:34:36Z,39.640784,-79.959986,0.000000,2134.000000,0.000000,0.000000
2014-11-07T20:35:37Z,39.640784,-79.959986,0.000000,2134.000000,0.000000,0.000000
2014-11-07T20:36:37Z,39.640784,-79.959986,0.000000,2134.000000,0.000000,0.000000
2014-11-07T20:37:38Z,39.640784,-79.959986,0.000000,2134.000000,0.000000,0.000000
2014-11-07T20:38:39Z,39.640784,-79.959986,0.000000,2134.000000,0.000000,0.000000
2014-11-07T20:39:40Z,39.640784,-79.959986,0.000000,2134.000000,0.000000,0.000000
2014-11-07T20:40:41Z,39.640784,-79.959986,0.000000,2134.000000,0.000000,0.000000
2014-11-07T20:41:41Z,39.640784,-79.959986,0.000000,2134.000000,0.000000,0.000000
2014-11-07T20:42:42Z,39.640784,-79.959986,0.000000,2134.000000,0.000000,0.000000
2014-11-07T20:43:43Z,39.640784,-79.959986,0.000000,2134.000000,0.000000,0.000000
2014-11-07T20:44:43Z,39.640784,-79.959986,0.000000,2134.000000,0.000000,0.000000
2014-11-07T20:45:45Z,39.640784,-79.959986,0.000000,2134.000000,0.000000,0.000000
2014-11-07T20:46:45Z,39.640784,-79.959986,0.000000,2134.000000,0.000000,0.000000
2014-11-07T20:48:19Z,39.645108,-79.973141,324.000000,84.000000,0.000000,0.000000
2014-11-07T20:49:19Z,39.640784,-79.959986,0.000000,2134.000000,0.000000,0.000000
2014-11-07T20:50:20Z,39.640784,-79.959986,0.000000,2134.000000,0.000000,0.000000
2014-11-07T20:51:21Z,39.640784,-79.959986,0.000000,2134.000000,0.000000,0.000000
2014-11-07T20:52:21Z,39.640784,-79.959986,0.000000,2134.000000,0.000000,0.000000
2014-11-07T20:53:22Z,39.636819,-80.001523,0.000000,2633.000000,0.000000,0.000000
2014-11-07T20:54:33Z,39.637621,-79.995207,0.000000,2633.000000,0.000000,0.000000
2014-11-07T20:55:34Z,39.637621,-79.995207,0.000000,2633.000000,0.000000,0.000000
2014-11-07T20:56:34Z,39.637621,-79.995207,0.000000,2633.000000,0.000000,0.000000
2014-11-07T20:57:35Z,39.645716,-79.972329,289.000000,65.000000,215.899994,0.491630
2014-11-07T20:58:41Z,39.637621,-79.995207,0.000000,2633.000000,0.000000,0.000000
2014-11-07T20:59:42Z,39.637621,-79.995207,0.000000,2633.000000,0.000000,0.000000
2014-11-07T21:00:43Z,39.645519,-79.972697,290.000000,65.000000,215.899994,1.060424
2014-11-07T21:01:43Z,39.637621,-79.995207,0.000000,2633.000000,0.000000,0.000000
2014-11-07T21:02:43Z,39.637621,-79.995207,0.000000,2633.000000,0.000000,0.000000
2014-11-07T21:03:44Z,39.637621,-79.995207,0.000000,2633.000000,0.000000,0.000000
2014-11-07T21:04:45Z,39.637621,-79.995207,0.000000,2633.000000,0.000000,0.000000
2014-11-07T21:05:46Z,39.637621,-79.995207,0.000000,2633.000000,0.000000,0.000000
2014-11-07T21:06:46Z,39.637621,-79.995207,0.000000,2633.000000,0.000000,0.000000
2014-11-07T21:08:26Z,39.637621,-79.995207,0.000000,2633.000000,0.000000,0.000000
2014-11-07T21:09:28Z,39.637621,-79.995207,0.000000,2633.000000,0.000000,0.000000
2014-11-07T21:10:28Z,39.637621,-79.995207,0.000000,2633.000000,0.000000,0.000000
2014-11-07T21:11:28Z,39.637621,-79.995207,0.000000,2633.000000,0.000000,0.000000
2014-11-07T21:12:28Z,39.637621,-79.995207,0.000000,2633.000000,0.000000,0.000000
2014-11-07T21:13:38Z,39.637621,-79.995207,0.000000,2633.000000,0.000000,0.000000
2014-11-07T21:14:39Z,39.637621,-79.995207,0.000000,2633.000000,0.000000,0.000000
2014-11-07T21:15:41Z,39.637621,-79.995207,0.000000,2633.000000,0.000000,0.000000
2014-11-07T21:16:52Z,39.637621,-79.995207,0.000000,2633.000000,0.000000,0.000000
2014-11-07T21:18:07Z,39.637621,-79.995207,0.000000,2633.000000,0.000000,0.000000
2014-11-07T21:19:08Z,39.637621,-79.995207,0.000000,2633.000000,0.000000,0.000000
2014-11-07T21:20:09Z,39.637621,-79.995207,0.000000,2633.000000,0.000000,0.000000
2014-11-07T21:21:10Z,39.637621,-79.995207,0.000000,2633.000000,0.000000,0.000000
2014-11-07T21:22:10Z,39.637621,-79.995207,0.000000,2633.000000,0.000000,0.000000
2014-11-07T21:23:11Z,39.637621,-79.995207,0.000000,2633.000000,0.000000,0.000000
2014-11-07T21:24:11Z,39.637621,-79.995207,0.000000,2633.000000,0.000000,0.000000
2014-11-07T21:25:11Z,39.637621,-79.995207,0.000000,2633.000000,0.000000,0.000000
2014-11-07T21:26:12Z,39.637621,-79.995207,0.000000,2633.000000,0.000000,0.000000
2014-11-07T21:27:12Z,39.637621,-79.995207,0.000000,2633.000000,0.000000,0.000000
2014-11-07T21:28:31Z,39.637621,-79.995207,0.000000,2633.000000,0.000000,0.000000
2014-11-07T21:29:32Z,39.637621,-79.995207,0.000000,2633.000000,0.000000,0.000000
2014-11-07T21:30:33Z,39.637621,-79.995207,0.000000,2633.000000,0.000000,0.000000
2014-11-07T21:31:41Z,39.637621,-79.995207,0.000000,2633.000000,0.000000,0.000000
2014-11-07T21:32:42Z,39.637621,-79.995207,0.000000,2633.000000,0.000000,0.000000
2014-11-07T21:34:11Z,39.637621,-79.995207,0.000000,2633.000000,0.000000,0.000000
2014-11-07T21:35:12Z,39.631900,-79.988770,0.000000,2633.000000,0.000000,0.000000
2014-11-07T21:36:13Z,39.637621,-79.995207,0.000000,2633.000000,0.000000,0.000000
2014-11-07T21:38:33Z,39.637621,-79.995207,0.000000,2633.000000,0.000000,0.000000
2014-11-07T21:39:50Z,39.637621,-79.995207,0.000000,2633.000000,0.000000,0.000000
2014-11-07T21:40:53Z,39.637621,-79.995207,0.000000,2633.000000,0.000000,0.000000
2014-11-07T21:41:53Z,39.637621,-79.995207,0.000000,2633.000000,0.000000,0.000000
2014-11-07T21:42:54Z,39.637621,-79.995207,0.000000,2633.000000,0.000000,0.000000
2014-11-07T21:43:57Z,39.637621,-79.995207,0.000000,2633.000000,0.000000,0.000000
2014-11-07T21:44:58Z,39.637621,-79.995207,0.000000,2633.000000,0.000000,0.000000
2014-11-07T21:46:05Z,39.637621,-79.995207,0.000000,2633.000000,0.000000,0.000000
2014-11-07T21:47:07Z,39.637621,-79.995207,0.000000,2633.000000,0.000000,0.000000
2014-11-07T21:48:08Z,39.637621,-79.995207,0.000000,2633.000000,0.000000,0.000000
2014-11-07T21:49:08Z,39.637621,-79.995207,0.000000,2633.000000,0.000000,0.000000
2014-11-07T21:50:09Z,39.634723,-80.001437,0.000000,2509.000000,0.000000,0.000000
2014-11-07T21:51:28Z,39.623615,-80.004232,0.000000,3307.000000,0.000000,0.000000
2014-11-07T21:52:28Z,39.623615,-80.004232,0.000000,3307.000000,0.000000,0.000000
2014-11-07T21:53:29Z,39.623615,-80.004232,0.000000,3307.000000,0.000000,0.000000
2014-11-07T21:54:29Z,39.623615,-80.004232,0.000000,3307.000000,0.000000,0.000000
2014-11-07T21:55:33Z,39.623615,-80.004232,0.000000,3307.000000,0.000000,0.000000
2014-11-07T21:56:33Z,39.623615,-80.004232,0.000000,3307.000000,0.000000,0.000000
2014-11-07T21:57:34Z,39.623615,-80.004232,0.000000,3307.000000,0.000000,0.000000
2014-11-07T21:58:35Z,39.645622,-79.972652,296.000000,27.000000,0.000000,0.000000
2014-11-07T21:59:42Z,39.623615,-80.004232,0.000000,3307.000000,0.000000,0.000000
2014-11-07T22:00:42Z,39.630618,-79.999720,0.000000,2633.000000,0.000000,0.000000
2014-11-07T22:01:43Z,39.637621,-79.995207,0.000000,2633.000000,0.000000,0.000000
2014-11-07T22:02:44Z,39.637621,-79.995207,0.000000,2633.000000,0.000000,0.000000
2014-11-07T22:03:46Z,39.637621,-79.995207,0.000000,2633.000000,0.000000,0.000000
2014-11-07T22:04:47Z,39.637621,-79.995207,0.000000,2633.000000,0.000000,0.000000
2014-11-07T22:05:48Z,39.637621,-79.995207,0.000000,2633.000000,0.000000,0.000000
2014-11-07T22:06:53Z,39.637621,-79.995207,0.000000,2633.000000,0.000000,0.000000
2014-11-07T22:07:54Z,39.637621,-79.995207,0.000000,2633.000000,0.000000,0.000000
2014-11-07T22:08:56Z,39.636304,-79.993284,0.000000,2633.000000,0.000000,0.000000
2014-11-07T22:09:56Z,39.637621,-79.995207,0.000000,2633.000000,0.000000,0.000000
2014-11-07T22:10:57Z,39.635645,-79.992322,0.000000,2633.000000,0.000000,0.000000
2014-11-07T22:12:01Z,39.635645,-79.992322,0.000000,2633.000000,0.000000,0.000000
2014-11-07T22:13:02Z,39.637621,-79.995207,0.000000,2633.000000,0.000000,0.000000
2014-11-07T22:14:02Z,39.637621,-79.995207,0.000000,2633.000000,0.000000,0.000000
2014-11-07T22:15:03Z,39.637621,-79.995207,0.000000,2633.000000,0.000000,0.000000
2014-11-07T22:16:03Z,39.635645,-79.992322,0.000000,2633.000000,0.000000,0.000000
2014-11-07T22:17:04Z,39.635645,-79.992322,0.000000,2633.000000,0.000000,0.000000
2014-11-07T22:18:05Z,39.633410,-79.981419,0.000000,2226.000000,0.000000,0.000000
2014-11-07T22:19:07Z,39.637939,-79.959365,0.000000,2226.000000,0.000000,0.000000
2014-11-07T22:20:08Z,39.637939,-79.959365,0.000000,2226.000000,0.000000,0.000000
2014-11-07T22:21:09Z,39.637939,-79.959365,0.000000,2226.000000,0.000000,0.000000
2014-11-07T22:22:09Z,39.637939,-79.959365,0.000000,2226.000000,0.000000,0.000000
2014-11-07T22:23:10Z,39.637939,-79.959365,0.000000,2226.000000,0.000000,0.000000
2014-11-07T22:24:10Z,39.637939,-79.959365,0.000000,2226.000000,0.000000,0.000000
2014-11-07T22:25:19Z,39.637939,-79.959365,0.000000,2226.000000,0.000000,0.000000
2014-11-07T22:26:19Z,39.637939,-79.959365,0.000000,2226.000000,0.000000,0.000000
2014-11-07T22:27:20Z,39.637939,-79.959365,0.000000,2226.000000,0.000000,0.000000
2014-11-07T22:28:21Z,39.637939,-79.959365,0.000000,2226.000000,0.000000,0.000000
2014-11-07T22:29:22Z,39.637939,-79.959365,0.000000,2226.000000,0.000000,0.000000
2014-11-07T22:30:25Z,39.637939,-79.959365,0.000000,2226.000000,0.000000,0.000000
2014-11-07T22:31:25Z,39.637939,-79.959365,0.000000,2226.000000,0.000000,0.000000
2014-11-07T22:32:26Z,39.637939,-79.959365,0.000000,2226.000000,0.000000,0.000000
2014-11-07T22:33:31Z,39.637939,-79.959365,0.000000,2226.000000,0.000000,0.000000
2014-11-07T22:34:58Z,39.637939,-79.959365,0.000000,2226.000000,0.000000,0.000000
2014-11-07T22:35:58Z,39.637939,-79.959365,0.000000,2226.000000,0.000000,0.000000
2014-11-07T22:37:18Z,39.640784,-79.959986,0.000000,2134.000000,0.000000,0.000000
2014-11-07T22:38:21Z,39.640784,-79.959986,0.000000,2134.000000,0.000000,0.000000
2014-11-07T22:39:22Z,39.640784,-79.959986,0.000000,2134.000000,0.000000,0.000000
2014-11-07T22:40:23Z,39.640784,-79.959986,0.000000,2134.000000,0.000000,0.000000
2014-11-07T22:41:24Z,39.640784,-79.959986,0.000000,2134.000000,0.000000,0.000000
2014-11-07T22:42:27Z,39.640784,-79.959986,0.000000,2134.000000,0.000000,0.000000
2014-11-07T22:43:27Z,39.640784,-79.959986,0.000000,2134.000000,0.000000,0.000000
2014-11-07T22:44:27Z,39.635216,-80.014155,0.000000,2895.000000,0.000000,0.000000
2014-11-07T22:45:29Z,39.637621,-79.995207,0.000000,2633.000000,0.000000,0.000000
2014-11-07T22:46:30Z,39.637621,-79.995207,0.000000,2633.000000,0.000000,0.000000
2014-11-07T22:47:34Z,39.637621,-79.995207,0.000000,2633.000000,0.000000,0.000000
2014-11-07T22:48:35Z,39.635216,-80.014155,0.000000,2895.000000,0.000000,0.000000
2014-11-07T22:49:35Z,39.637621,-79.995207,0.000000,2633.000000,0.000000,0.000000
2014-11-07T22:50:35Z,39.637727,-79.983260,0.000000,2226.000000,0.000000,0.000000
2014-11-07T22:51:36Z,39.637621,-79.995207,0.000000,2633.000000,0.000000,0.000000
2014-11-07T22:52:37Z,39.637621,-79.995207,0.000000,2633.000000,0.000000,0.000000
2014-11-07T22:53:38Z,39.637621,-79.995207,0.000000,2633.000000,0.000000,0.000000
2014-11-07T22:54:39Z,39.644348,-79.985609,0.000000,2633.000000,0.000000,0.000000
2014-11-07T22:55:43Z,39.651075,-79.976011,0.000000,2658.000000,0.000000,0.000000
