time,lat,lon,elevation,accuracy,bearing,speed
2014-10-25T17:39:28Z,39.649573,-79.960492,0.000000,34.943001,0.000000,0.000000
2014-10-25T17:40:33Z,39.649506,-79.960526,320.000000,14.000000,0.000000,0.410000
2014-10-25T17:41:37Z,39.649628,-79.960397,351.000000,24.000000,97.400002,1.161077
2014-10-25T17:42:41Z,39.649645,-79.960410,330.000000,13.000000,303.200012,0.550000
2014-10-25T17:43:46Z,39.649598,-79.960355,312.000000,20.000000,303.200012,1.053803
2014-10-25T17:44:50Z,39.649562,-79.960488,0.000000,20.000000,0.000000,0.000000
2014-10-25T17:45:55Z,39.649509,-79.960459,308.000000,17.000000,151.300003,0.802808
2014-10-25T17:46:58Z,39.649738,-79.960653,392.000000,14.000000,151.300003,4.669015
2014-10-25T17:48:02Z,39.649578,-79.960488,0.000000,20.000000,0.000000,0.000000
2014-10-25T17:49:06Z,39.649569,-79.960480,0.000000,20.000000,0.000000,0.000000
2014-10-25T17:50:19Z,39.649589,-79.960498,0.000000,20.000000,0.000000,0.000000
2014-10-25T17:51:24Z,39.649561,-79.960501,0.000000,33.917999,0.000000,0.000000
2014-10-25T17:52:28Z,39.649535,-79.960518,0.000000,20.000000,0.000000,0.000000
2014-10-25T17:53:32Z,39.649586,-79.960498,0.000000,20.000000,0.000000,0.000000
2014-10-25T17:54:34Z,39.649552,-79.960499,0.000000,20.000000,0.000000,0.000000
2014-10-25T17:55:38Z,39.649611,-79.960506,0.000000,35.762001,0.000000,0.000000
2014-10-25T17:56:42Z,39.649560,-79.960504,0.000000,20.000000,0.000000,0.000000
2014-10-25T17:57:51Z,39.649542,-79.960482,0.000000,20.000000,0.000000,0.000000
2014-10-25T17:58:55Z,39.649576,-79.960480,0.000000,20.000000,0.000000,0.000000
2014-10-25T17:59:59Z,39.649552,-79.960504,0.000000,20.000000,0.000000,0.000000
2014-10-25T18:01:03Z,39.649564,-79.960518,0.000000,32.964001,0.000000,0.000000
2014-10-25T18:02:07Z,39.649574,-79.960486,0.000000,20.000000,0.000000,0.000000
2014-10-25T18:03:12Z,39.649612,-79.960484,0.000000,20.000000,0.000000,0.000000
2014-10-25T18:04:16Z,39.649552,-79.960466,0.000000,20.000000,0.000000,0.000000
2014-10-25T18:05:20Z,39.649580,-79.960507,0.000000,34.294998,0.000000,0.000000
2014-10-25T18:06:22Z,39.649603,-79.960532,356.000000,9.000000,59.500000,0.870460
2014-10-25T18:07:27Z,39.649535,-79.960498,325.000000,10.000000,0.000000,0.010000
2014-10-25T18:08:31Z,39.649574,-79.960508,0.000000,33.990002,0.000000,0.000000
2014-10-25T18:09:35Z,39.649570,-79.960530,0.000000,32.395000,0.000000,0.000000
2014-10-25T18:10:41Z,39.649378,-79.960476,306.000000,15.000000,191.100006,2.366770
2014-10-25T18:11:45Z,39.649399,-79.960329,334.000000,11.000000,191.100006,0.253180
2014-10-25T18:12:50Z,39.649421,-79.960647,314.000000,9.000000,50.700001,2.979345
2014-10-25T18:13:54Z,39.649569,-79.960510,0.000000,20.000000,0.000000,0.000000
2014-10-25T18:14:58Z,39.649572,-79.960456,0.000000,20.000000,0.000000,0.000000
2014-10-25T18:16:06Z,39.649582,-79.960500,0.000000,20.000000,0.000000,0.000000
2014-10-25T18:17:10Z,39.649585,-79.960505,0.000000,20.000000,0.000000,0.000000
2014-10-25T18:18:14Z,39.649601,-79.960508,0.000000,35.124001,0.000000,0.000000
2014-10-25T18:19:18Z,39.649583,-79.960468,0.000000,20.000000,0.000000,0.000000
2014-10-25T18:20:22Z,39.649558,-79.960506,0.000000,20.000000,0.000000,0.000000
2014-10-25T18:21:26Z,39.649546,-79.960530,0.000000,31.490999,0.000000,0.000000
2014-10-25T18:22:30Z,39.649580,-79.960486,0.000000,35.662998,0.000000,0.000000
2014-10-25T18:23:34Z,39.649600,-79.960510,0.000000,20.000000,0.000000,0.000000
2014-10-25T18:24:38Z,39.649529,-79.960509,0.000000,32.346001,0.000000,0.000000
2014-10-25T18:25:42Z,39.649569,-79.960508,0.000000,33.780998,0.000000,0.000000
2014-10-25T18:26:46Z,39.649578,-79.960504,0.000000,20.000000,0.000000,0.000000
2014-10-25T18:27:50Z,39.649600,-79.960488,0.000000,20.000000,0.000000,0.000000
2014-10-25T18:28:54Z,39.649556,-79.960459,0.000000,20.000000,0.000000,0.000000
2014-10-25T18:29:54Z,39.649587,-79.960506,0.000000,20.000000,0.000000,0.000000
2014-10-25T18:30:58Z,39.649555,-79.960494,0.000000,20.000000,0.000000,0.000000
2014-10-25T18:32:02Z,39.649551,-79.960505,0.000000,20.000000,0.000000,0.000000
2014-10-25T18:33:06Z,39.649562,-79.960508,0.000000,20.000000,0.000000,0.000000
2014-10-25T18:34:07Z,39.649540,-79.960486,0.000000,20.000000,0.000000,0.000000
2014-10-25T18:35:11Z,39.649543,-79.960496,0.000000,33.653999,0.000000,0.000000
2014-10-25T18:36:15Z,39.649562,-79.960476,0.000000,20.000000,0.000000,0.000000
2014-10-25T18:37:19Z,39.649580,-79.960512,0.000000,33.999001,0.000000,0.000000
2014-10-25T18:38:23Z,39.649538,-79.960504,0.000000,32.967999,0.000000,0.000000
2014-10-25T18:39:27Z,39.649572,-79.960514,0.000000,20.000000,0.000000,0.000000
2014-10-25T18:40:31Z,39.649577,-79.960507,0.000000,34.167000,0.000000,0.000000
2014-10-25T18:41:35Z,39.649558,-79.960484,0.000000,34.983002,0.000000,0.000000
2014-10-25T18:42:39Z,39.649561,-79.960459,0.000000,20.000000,0.000000,0.000000
2014-10-25T18:43:43Z,39.649575,-79.960485,0.000000,35.484001,0.000000,0.000000
2014-10-25T18:44:47Z,39.649594,-79.960503,0.000000,20.000000,0.000000,0.000000
2014-10-25T18:45:51Z,39.649558,-79.960497,0.000000,20.000000,0.000000,0.000000
2014-10-25T18:46:55Z,39.649568,-79.960488,0.000000,20.000000,0.000000,0.000000
2014-10-25T18:47:59Z,39.649570,-79.960511,0.000000,33.654999,0.000000,0.000000
2014-10-25T18:49:04Z,39.649544,-79.960505,0.000000,20.000000,0.000000,0.000000
2014-10-25T18:50:04Z,39.649599,-79.960508,0.000000,35.060001,0.000000,0.000000
2014-10-25T18:51:08Z,39.649549,-79.960512,0.000000,32.772999,0.000000,0.000000
2014-10-25T18:52:12Z,39.649586,-79.960491,0.000000,20.000000,0.000000,0.000000
2014-10-25T18:53:16Z,39.649569,-79.960496,0.000000,20.000000,0.000000,0.000000
2014-10-25T18:54:20Z,39.649548,-79.960495,0.000000,20.000000,0.000000,0.000000
2014-10-25T18:55:24Z,39.649549,-79.960521,0.000000,32.165001,0.000000,0.000000
2014-10-25T18:56:28Z,39.649544,-79.960496,0.000000,33.716999,0.000000,0.000000
2014-10-25T18:57:37Z,39.649590,-79.960509,0.000000,34.594002,0.000000,0.000000
2014-10-25T18:58:42Z,39.649571,-79.960503,0.000000,34.167000,0.000000,0.000000
2014-10-25T18:59:47Z,39.649549,-79.960519,0.000000,32.338001,0.000000,0.000000
2014-10-25T19:00:51Z,39.649272,-79.960336,273.000000,14.000000,162.600006,1.114630
2014-10-25T19:01:55Z,39.649485,-79.960423,292.000000,11.000000,236.399994,1.265622
2014-10-25T19:02:59Z,39.649581,-79.960499,0.000000,34.855000,0.000000,0.000000
2014-10-25T19:04:01Z,39.649558,-79.960699,364.000000,7.000000,258.399994,1.372006
2014-10-25T19:05:03Z,39.649562,-79.960519,0.000000,32.792999,0.000000,0.000000
2014-10-25T19:06:06Z,39.649567,-79.960521,0.000000,32.875000,0.000000,0.000000
2014-10-25T19:07:11Z,39.649562,-79.960501,0.000000,20.000000,0.000000,0.000000
2014-10-25T19:08:15Z,39.649087,-79.960351,329.000000,9.000000,344.500000,2.470405
2014-10-25T19:09:19Z,39.649578,-79.960502,0.000000,34.506001,0.000000,0.000000
2014-10-25T19:10:23Z,39.649591,-79.960508,0.000000,34.662998,0.000000,0.000000
2014-10-25T19:11:27Z,39.649572,-79.960535,0.000000,32.181000,0.000000,0.000000
2014-10-25T19:12:31Z,39.649586,-79.960511,0.000000,34.280998,0.000000,0.000000
2014-10-25T19:13:35Z,39.649304,-79.960549,308.000000,16.000000,324.299988,1.945893
2014-10-25T19:14:42Z,39.649556,-79.960492,0.000000,34.307999,0.000000,0.000000
2014-10-25T19:16:09Z,39.649614,-79.960514,0.000000,35.314999,0.000000,0.000000
2014-10-25T19:17:13Z,39.649551,-79.960506,0.000000,33.224998,0.000000,0.000000
2014-10-25T19:18:21Z,39.649574,-79.960524,0.000000,32.962002,0.000000,0.000000
2014-10-25T19:19:24Z,39.649589,-79.960488,0.000000,20.000000,0.000000,0.000000
2014-10-25T19:20:28Z,39.649637,-79.960586,336.000000,14.000000,303.299988,5.117265
2014-10-25T19:21:33Z,39.649272,-79.960443,347.000000,10.000000,303.299988,0.774919
2014-10-25T19:22:38Z,39.649564,-79.960513,0.000000,33.262001,0.000000,0.000000
2014-10-25T19:23:42Z,39.649597,-79.960501,0.000000,35.377998,0.000000,0.000000
2014-10-25T19:24:45Z,39.649572,-79.960486,0.000000,20.000000,0.000000,0.000000
2014-10-25T19:25:49Z,39.649551,-79.960519,0.000000,32.402000,0.000000,0.000000
2014-10-25T19:26:53Z,39.649584,-79.960504,0.000000,20.000000,0.000000,0.000000
2014-10-25T19:27:57Z,39.649578,-79.960492,0.000000,20.000000,0.000000,0.000000
2014-10-25T19:29:01Z,39.649559,-79.960512,0.000000,33.186001,0.000000,0.000000
2014-10-25T19:30:11Z,39.649566,-79.960515,0.000000,33.221001,0.000000,0.000000
2014-10-25T19:31:15Z,39.649623,-79.960476,0.000000,20.000000,0.000000,0.000000
2014-10-25T19:32:19Z,39.649559,-79.960497,0.000000,20.000000,0.000000,0.000000
2014-10-25T19:33:23Z,39.649557,-79.960466,0.000000,20.000000,0.000000,0.000000
2014-10-25T19:34:27Z,39.649557,-79.960502,0.000000,20.000000,0.000000,0.000000
2014-10-25T19:35:43Z,39.649600,-79.960466,0.000000,20.000000,0.000000,0.000000
2014-10-25T19:36:47Z,39.649599,-79.960506,0.000000,35.168999,0.000000,0.000000
2014-10-25T19:37:51Z,39.649553,-79.960504,0.000000,20.000000,0.000000,0.000000
2014-10-25T19:38:59Z,39.649499,-79.960618,333.000000,12.000000,127.000000,0.462385
2014-10-25T19:40:02Z,39.649348,-79.960674,288.000000,9.000000,127.000000,1.450552
2014-10-25T19:41:21Z,39.649584,-79.960374,297.000000,14.000000,127.000000,1.122007
2014-10-25T19:42:25Z,39.649570,-79.960717,321.000000,7.000000,216.500000,0.662193
2014-10-25T19:43:37Z,39.649516,-79.960496,313.000000,18.000000,49.400002,0.962601
2014-10-25T19:44:43Z,39.649564,-79.960549,329.000000,17.000000,45.799999,3.263924
2014-10-25T19:45:56Z,39.649581,-79.960481,0.000000,20.000000,0.000000,0.000000
2014-10-25T19:47:04Z,39.649561,-79.960450,335.000000,14.000000,45.799999,0.846286
2014-10-25T19:48:15Z,39.649561,-79.960504,0.000000,20.000000,0.000000,0.000000
2014-10-25T19:49:20Z,39.649509,-79.960971,332.000000,18.000000,86.699997,2.616735
2014-10-25T19:50:25Z,39.649351,-79.960218,353.000000,10.000000,92.599998,1.222007
2014-10-25T19:51:28Z,39.649460,-79.960569,342.000000,7.000000,92.599998,1.769548
2014-10-25T19:52:33Z,39.649351,-79.960386,316.000000,17.000000,92.599998,0.160312
2014-10-25T19:53:39Z,39.649493,-79.960497,335.000000,11.000000,0.000000,0.000000
2014-10-25T19:54:43Z,39.649512,-79.960563,334.000000,16.000000,0.000000,0.000000
2014-10-25T19:55:58Z,39.649586,-79.960599,327.000000,18.000000,0.000000,0.000000
2014-10-25T19:57:01Z,39.649586,-79.960487,0.000000,35.791000,0.000000,0.000000
2014-10-25T19:58:05Z,39.649571,-79.960482,0.000000,35.574001,0.000000,0.000000
2014-10-25T19:59:10Z,39.649590,-79.960453,0.000000,20.000000,0.000000,0.000000
2014-10-25T20:00:15Z,39.649562,-79.960519,0.000000,32.772999,0.000000,0.000000
2014-10-25T20:01:32Z,39.649548,-79.960490,0.000000,20.000000,0.000000,0.000000
2014-10-25T20:02:37Z,39.649520,-79.960611,335.000000,16.000000,0.000000,0.000000
2014-10-25T20:03:41Z,39.649531,-79.960506,0.000000,20.000000,0.000000,0.000000
2014-10-25T20:04:45Z,39.649570,-79.960479,0.000000,20.000000,0.000000,0.000000
2014-10-25T20:05:57Z,39.649566,-79.960503,0.000000,20.000000,0.000000,0.000000
2014-10-25T20:07:01Z,39.649600,-79.960482,0.000000,20.000000,0.000000,0.000000
2014-10-25T20:08:07Z,39.649570,-79.960502,0.000000,20.000000,0.000000,0.000000
2014-10-25T20:09:12Z,39.649603,-79.960505,0.000000,20.000000,0.000000,0.000000
2014-10-25T20:10:16Z,39.649623,-79.960505,0.000000,20.000000,0.000000,0.000000
2014-10-25T20:11:28Z,39.649563,-79.960482,0.000000,20.000000,0.000000,0.000000
2014-10-25T20:12:33Z,39.649656,-79.960260,316.000000,13.000000,118.900002,0.852350
2014-10-25T20:13:37Z,39.649618,-79.960404,314.000000,17.000000,118.900002,1.004988
2014-10-25T20:14:36Z,39.648361,-79.962515,0.000000,1561.000000,0.000000,0.000000
2014-10-25T20:15:37Z,39.648361,-79.962515,0.000000,1561.000000,0.000000,0.000000
2014-10-25T20:16:37Z,39.648361,-79.962515,0.000000,1561.000000,0.000000,0.000000
2014-10-25T20:17:38Z,39.648361,-79.962515,0.000000,1561.000000,0.000000,0.000000
2014-10-25T20:18:38Z,39.648361,-79.962515,0.000000,1561.000000,0.000000,0.000000
2014-10-25T20:19:39Z,39.650123,-79.963417,0.000000,1561.000000,0.000000,0.000000
2014-10-25T20:20:40Z,39.650123,-79.963417,0.000000,1561.000000,0.000000,0.000000
2014-10-25T20:21:41Z,39.644435,-79.961272,0.000000,1561.000000,0.000000,0.000000
2014-10-25T20:22:42Z,39.640458,-79.960084,0.000000,1887.000000,0.000000,0.000000
2014-10-25T20:23:42Z,39.640442,-79.960103,0.000000,1887.000000,0.000000,0.000000
2014-10-25T20:24:43Z,39.640458,-79.960084,0.000000,1887.000000,0.000000,0.000000
2014-10-25T20:25:44Z,39.640509,-79.960028,0.000000,2154.000000,0.000000,0.000000
2014-10-25T20:26:48Z,39.638833,-79.958735,227.000000,16.000000,329.000000,5.381338
2014-10-25T20:27:50Z,39.643150,-79.965824,236.000000,4.000000,282.299988,20.663494
2014-10-25T20:28:49Z,39.640458,-79.960084,0.000000,1887.000000,0.000000,0.000000
2014-10-25T20:29:50Z,39.640509,-79.960028,0.000000,2154.000000,0.000000,0.000000
2014-10-25T20:30:52Z,39.646735,-79.973604,298.000000,8.000000,321.700012,1.543923
2014-10-25T20:32:02Z,39.640509,-79.960028,0.000000,2154.000000,0.000000,0.000000
2014-10-25T20:33:03Z,39.640509,-79.960028,0.000000,2154.000000,0.000000,0.000000
2014-10-25T20:34:05Z,39.640509,-79.960028,0.000000,2154.000000,0.000000,0.000000
2014-10-25T20:35:07Z,39.637806,-79.995567,0.000000,2640.000000,0.000000,0.000000
2014-10-25T20:36:08Z,39.629598,-79.986481,0.000000,2640.000000,0.000000,0.000000
2014-10-25T20:37:13Z,39.633520,-79.989692,0.000000,2670.000000,0.000000,0.000000
2014-10-25T20:38:14Z,39.633520,-79.989692,0.000000,2670.000000,0.000000,0.000000
2014-10-25T20:39:16Z,39.633520,-79.989692,0.000000,2670.000000,0.000000,0.000000
2014-10-25T20:40:16Z,39.633520,-79.989692,0.000000,2670.000000,0.000000,0.000000
2014-10-25T20:41:18Z,39.633520,-79.989692,0.000000,2670.000000,0.000000,0.000000
2014-10-25T20:42:19Z,39.633520,-79.989692,0.000000,2670.000000,0.000000,0.000000
2014-10-25T20:43:20Z,39.633520,-79.989692,0.000000,2670.000000,0.000000,0.000000
2014-10-25T20:44:20Z,39.633520,-79.989692,0.000000,2670.000000,0.000000,0.000000
2014-10-25T20:45:22Z,39.633520,-79.989692,0.000000,2670.000000,0.000000,0.000000
2014-10-25T20:46:22Z,39.633520,-79.989692,0.000000,2670.000000,0.000000,0.000000
2014-10-25T20:47:23Z,39.633520,-79.989692,0.000000,2670.000000,0.000000,0.000000
2014-10-25T20:48:24Z,39.633520,-79.989692,0.000000,2670.000000,0.000000,0.000000
2014-10-25T20:49:25Z,39.633520,-79.989692,0.000000,2670.000000,0.000000,0.000000
2014-10-25T20:50:27Z,39.633520,-79.989692,0.000000,2670.000000,0.000000,0.000000
2014-10-25T20:51:28Z,39.633520,-79.989692,0.000000,2670.000000,0.000000,0.000000
2014-10-25T20:52:29Z,39.633520,-79.989692,0.000000,2670.000000,0.000000,0.000000
2014-10-25T20:53:30Z,39.633520,-79.989692,0.000000,2670.000000,0.000000,0.000000
2014-10-25T20:54:31Z,39.633520,-79.989692,0.000000,2670.000000,0.000000,0.000000
2014-10-25T20:55:32Z,39.633520,-79.989692,0.000000,2670.000000,0.000000,0.000000
2014-10-25T20:56:37Z,39.633520,-79.989692,0.000000,2670.000000,0.000000,0.000000
2014-10-25T20:57:37Z,39.633520,-79.989692,0.000000,2670.000000,0.000000,0.000000
2014-10-25T20:58:38Z,39.633520,-79.989692,0.000000,2670.000000,0.000000,0.000000
2014-10-25T20:59:46Z,39.633520,-79.989692,0.000000,2670.000000,0.000000,0.000000
2014-10-25T21:00:46Z,39.633520,-79.989692,0.000000,2670.000000,0.000000,0.000000
2014-10-25T21:01:47Z,39.633520,-79.989692,0.000000,2670.000000,0.000000,0.000000
2014-10-25T21:02:47Z,39.633520,-79.989692,0.000000,2670.000000,0.000000,0.000000
2014-10-25T21:03:48Z,39.633520,-79.989692,0.000000,2670.000000,0.000000,0.000000
2014-10-25T21:04:49Z,39.633520,-79.989692,0.000000,2670.000000,0.000000,0.000000
2014-10-25T21:05:49Z,39.633520,-79.989692,0.000000,2670.000000,0.000000,0.000000
2014-10-25T21:06:50Z,39.633520,-79.989692,0.000000,2670.000000,0.000000,0.000000
2014-10-25T21:07:51Z,39.633520,-79.989692,0.000000,2670.000000,0.000000,0.000000
2014-10-25T21:08:52Z,39.633520,-79.989692,0.000000,2670.000000,0.000000,0.000000
2014-10-25T21:09:55Z,39.633520,-79.989692,0.000000,2670.000000,0.000000,0.000000
2014-10-25T21:10:56Z,39.633520,-79.989692,0.000000,2670.000000,0.000000,0.000000
2014-10-25T21:11:57Z,39.633520,-79.989692,0.000000,2670.000000,0.000000,0.000000
2014-10-25T21:12:57Z,39.633520,-79.989692,0.000000,2670.000000,0.000000,0.000000
2014-10-25T21:13:59Z,39.633520,-79.989692,0.000000,2670.000000,0.000000,0.000000
2014-10-25T21:14:59Z,39.633520,-79.989692,0.000000,2670.000000,0.000000,0.000000
2014-10-25T21:16:00Z,39.633520,-79.989692,0.000000,2670.000000,0.000000,0.000000
2014-10-25T21:17:00Z,39.633520,-79.989692,0.000000,2670.000000,0.000000,0.000000
2014-10-25T21:18:05Z,39.633520,-79.989692,0.000000,2670.000000,0.000000,0.000000
2014-10-25T21:19:06Z,39.633520,-79.989692,0.000000,2670.000000,0.000000,0.000000
2014-10-25T21:20:06Z,39.633520,-79.989692,0.000000,2670.000000,0.000000,0.000000
2014-10-25T21:21:11Z,39.633520,-79.989692,0.000000,2670.000000,0.000000,0.000000
2014-10-25T21:22:12Z,39.633520,-79.989692,0.000000,2670.000000,0.000000,0.000000
2014-10-25T21:23:13Z,39.633520,-79.989692,0.000000,2670.000000,0.000000,0.000000
2014-10-25T21:24:14Z,39.633520,-79.989692,0.000000,2670.000000,0.000000,0.000000
2014-10-25T21:25:15Z,39.633520,-79.989692,0.000000,2670.000000,0.000000,0.000000
2014-10-25T21:26:16Z,39.633520,-79.989692,0.000000,2670.000000,0.000000,0.000000
2014-10-25T21:27:16Z,39.633520,-79.989692,0.000000,2670.000000,0.000000,0.000000
2014-10-25T21:28:17Z,39.633520,-79.989692,0.000000,2670.000000,0.000000,0.000000
2014-10-25T21:29:19Z,39.633520,-79.989692,0.000000,2670.000000,0.000000,0.000000
2014-10-25T21:30:20Z,39.633520,-79.989692,0.000000,2670.000000,0.000000,0.000000
2014-10-25T21:31:22Z,39.633520,-79.989692,0.000000,2670.000000,0.000000,0.000000
2014-10-25T21:32:22Z,39.633520,-79.989692,0.000000,2670.000000,0.000000,0.000000
2014-10-25T21:33:22Z,39.633520,-79.989692,0.000000,2670.000000,0.000000,0.000000
2014-10-25T21:34:23Z,39.633520,-79.989692,0.000000,2670.000000,0.000000,0.000000
2014-10-25T21:35:24Z,39.633520,-79.989692,0.000000,2670.000000,0.000000,0.000000
2014-10-25T21:36:38Z,39.633520,-79.989692,0.000000,2670.000000,0.000000,0.000000
2014-10-25T21:37:41Z,39.633520,-79.989692,0.000000,2670.000000,0.000000,0.000000
2014-10-25T21:38:48Z,39.633520,-79.989692,0.000000,2670.000000,0.000000,0.000000
2014-10-25T21:39:49Z,39.633520,-79.989692,0.000000,2670.000000,0.000000,0.000000
2014-10-25T21:40:50Z,39.633520,-79.989692,0.000000,2670.000000,0.000000,0.000000
2014-10-25T21:41:51Z,39.633520,-79.989692,0.000000,2670.000000,0.000000,0.000000
2014-10-25T21:42:52Z,39.633520,-79.989692,0.000000,2670.000000,0.000000,0.000000
2014-10-25T21:43:55Z,39.633520,-79.989692,0.000000,2670.000000,0.000000,0.000000
2014-10-25T21:44:55Z,39.633520,-79.989692,0.000000,2670.000000,0.000000,0.000000
2014-10-25T21:45:57Z,39.633520,-79.989692,0.000000,2670.000000,0.000000,0.000000
2014-10-25T21:47:00Z,39.633520,-79.989692,0.000000,2670.000000,0.000000,0.000000
2014-10-25T21:48:01Z,39.637014,-79.974860,0.000000,2154.000000,0.000000,0.000000
2014-10-25T21:49:01Z,39.640509,-79.960028,0.000000,2154.000000,0.000000,0.000000
2014-10-25T21:50:02Z,39.640509,-79.960028,0.000000,2154.000000,0.000000,0.000000
2014-10-25T21:51:02Z,39.640509,-79.960028,0.000000,2154.000000,0.000000,0.000000
2014-10-25T21:52:02Z,39.640509,-79.960028,0.000000,2154.000000,0.000000,0.000000
2014-10-25T21:53:03Z,39.640509,-79.960028,0.000000,2154.000000,0.000000,0.000000
2014-10-25T21:54:03Z,39.640509,-79.960028,0.000000,2154.000000,0.000000,0.000000
2014-10-25T21:55:03Z,39.640509,-79.960028,0.000000,2154.000000,0.000000,0.000000
2014-10-25T21:56:04Z,39.640509,-79.960028,0.000000,2154.000000,0.000000,0.000000
2014-10-25T21:57:04Z,39.640509,-79.960028,0.000000,2154.000000,0.000000,0.000000
2014-10-25T21:58:04Z,39.640509,-79.960028,0.000000,2154.000000,0.000000,0.000000
2014-10-25T21:59:05Z,39.640509,-79.960028,0.000000,2154.000000,0.000000,0.000000
2014-10-25T22:00:05Z,39.640509,-79.960028,0.000000,2154.000000,0.000000,0.000000
2014-10-25T22:01:05Z,39.640509,-79.960028,0.000000,2154.000000,0.000000,0.000000
2014-10-25T22:02:05Z,39.640509,-79.960028,0.000000,2154.000000,0.000000,0.000000
2014-10-25T22:03:06Z,39.640509,-79.960028,0.000000,2154.000000,0.000000,0.000000
2014-10-25T22:04:06Z,39.640509,-79.960028,0.000000,2154.000000,0.000000,0.000000
2014-10-25T22:05:06Z,39.640509,-79.960028,0.000000,2154.000000,0.000000,0.000000
2014-10-25T22:06:07Z,39.640509,-79.960028,0.000000,2154.000000,0.000000,0.000000
2014-10-25T22:07:07Z,39.640509,-79.960028,0.000000,2154.000000,0.000000,0.000000
2014-10-25T22:08:08Z,39.640509,-79.960028,0.000000,2154.000000,0.000000,0.000000
2014-10-25T22:09:08Z,39.640509,-79.960028,0.000000,2154.000000,0.000000,0.000000
2014-10-25T22:10:09Z,39.640509,-79.960028,0.000000,2154.000000,0.000000,0.000000
2014-10-25T22:11:26Z,39.640509,-79.960028,0.000000,2154.000000,0.000000,0.000000
2014-10-25T22:12:27Z,39.640509,-79.960028,0.000000,2154.000000,0.000000,0.000000
2014-10-25T22:13:27Z,39.640509,-79.960028,0.000000,2154.000000,0.000000,0.000000
2014-10-25T22:14:28Z,39.640509,-79.960028,0.000000,2154.000000,0.000000,0.000000
2014-10-25T22:15:31Z,39.640509,-79.960028,0.000000,2154.000000,0.000000,0.000000
2014-10-25T22:16:37Z,39.640509,-79.960028,0.000000,2154.000000,0.000000,0.000000
2014-10-25T22:17:38Z,39.640509,-79.960028,0.000000,2154.000000,0.000000,0.000000
2014-10-25T22:18:38Z,39.640509,-79.960028,0.000000,2154.000000,0.000000,0.000000
2014-10-25T22:19:40Z,39.640509,-79.960028,0.000000,2154.000000,0.000000,0.000000
2014-10-25T22:20:44Z,39.640509,-79.960028,0.000000,2154.000000,0.000000,0.000000
2014-10-25T22:21:45Z,39.640509,-79.960028,0.000000,2154.000000,0.000000,0.000000
2014-10-25T22:22:46Z,39.640509,-79.960028,0.000000,2154.000000,0.000000,0.000000
2014-10-25T22:23:47Z,39.640509,-79.960028,0.000000,2154.000000,0.000000,0.000000
2014-10-25T22:24:47Z,39.640509,-79.960028,0.000000,2154.000000,0.000000,0.000000
2014-10-25T22:25:47Z,39.640509,-79.960028,0.000000,2154.000000,0.000000,0.000000
2014-10-25T22:26:53Z,39.640509,-79.960028,0.000000,2154.000000,0.000000,0.000000
2014-10-25T22:27:54Z,39.634222,-79.988545,0.000000,2509.000000,0.000000,0.000000
2014-10-25T22:28:55Z,39.634222,-79.988545,0.000000,2509.000000,0.000000,0.000000
2014-10-25T22:29:56Z,39.634222,-79.988545,0.000000,2509.000000,0.000000,0.000000
2014-10-25T22:30:57Z,39.634222,-79.988545,0.000000,2509.000000,0.000000,0.000000
2014-10-25T22:32:01Z,39.634222,-79.988545,0.000000,2509.000000,0.000000,0.000000
2014-10-25T22:33:03Z,39.634222,-79.988545,0.000000,2509.000000,0.000000,0.000000
2014-10-25T22:34:03Z,39.634222,-79.988545,0.000000,2509.000000,0.000000,0.000000
2014-10-25T22:35:04Z,39.634222,-79.988545,0.000000,2509.000000,0.000000,0.000000
2014-10-25T22:36:04Z,39.634222,-79.988545,0.000000,2509.000000,0.000000,0.000000
2014-10-25T22:37:10Z,39.634222,-79.988545,0.000000,2509.000000,0.000000,0.000000
2014-10-25T22:38:10Z,39.634222,-79.988545,0.000000,2509.000000,0.000000,0.000000
2014-10-25T22:39:11Z,39.634222,-79.988545,0.000000,2509.000000,0.000000,0.000000
2014-10-25T22:40:11Z,39.634222,-79.988545,0.000000,2509.000000,0.000000,0.000000
2014-10-25T22:41:11Z,39.634222,-79.988545,0.000000,2509.000000,0.000000,0.000000
2014-10-25T22:42:16Z,39.634222,-79.988545,0.000000,2509.000000,0.000000,0.000000
2014-10-25T22:43:16Z,39.634222,-79.988545,0.000000,2509.000000,0.000000,0.000000
2014-10-25T22:44:17Z,39.634222,-79.988545,0.000000,2509.000000,0.000000,0.000000
2014-10-25T22:45:17Z,39.634222,-79.988545,0.000000,2509.000000,0.000000,0.000000
2014-10-25T22:46:18Z,39.634222,-79.988545,0.000000,2509.000000,0.000000,0.000000
2014-10-25T22:47:18Z,39.634222,-79.988545,0.000000,2509.000000,0.000000,0.000000
2014-10-25T22:48:19Z,39.634222,-79.988545,0.000000,2509.000000,0.000000,0.000000
2014-10-25T22:49:19Z,39.634222,-79.988545,0.000000,2509.000000,0.000000,0.000000
2014-10-25T22:50:20Z,39.634222,-79.988545,0.000000,2509.000000,0.000000,0.000000
2014-10-25T22:51:20Z,39.634222,-79.988545,0.000000,2509.000000,0.000000,0.000000
2014-10-25T22:52:21Z,39.634222,-79.988545,0.000000,2509.000000,0.000000,0.000000
2014-10-25T22:53:22Z,39.634222,-79.988545,0.000000,2509.000000,0.000000,0.000000
2014-10-25T22:54:22Z,39.634222,-79.988545,0.000000,2509.000000,0.000000,0.000000
2014-10-25T22:55:22Z,39.634222,-79.988545,0.000000,2509.000000,0.000000,0.000000
2014-10-25T22:57:05Z,39.634222,-79.988545,0.000000,2509.000000,0.000000,0.000000
2014-10-25T22:58:06Z,39.634222,-79.988545,0.000000,2509.000000,0.000000,0.000000
2014-10-25T22:59:08Z,39.635258,-80.014137,0.000000,2891.000000,0.000000,0.000000
2014-10-25T23:00:09Z,39.629377,-80.008681,0.000000,2891.000000,0.000000,0.000000
2014-10-25T23:01:10Z,39.637806,-79.995567,0.000000,2640.000000,0.000000,0.000000
2014-10-25T23:02:11Z,39.637806,-79.995567,0.000000,2640.000000,0.000000,0.000000
2014-10-25T23:03:11Z,39.650870,-79.976174,0.000000,2684.000000,0.000000,0.000000
2014-10-25T23:04:12Z,39.650870,-79.976174,0.000000,2684.000000,0.000000,0.000000
2014-10-25T23:05:12Z,39.650870,-79.976174,0.000000,2684.000000,0.000000,0.000000
2014-10-25T23:06:13Z,39.650870,-79.976174,0.000000,2684.000000,0.000000,0.000000
2014-10-25T23:07:13Z,39.650870,-79.976174,0.000000,2684.000000,0.000000,0.000000
2014-10-25T23:08:13Z,39.650870,-79.976174,0.000000,2684.000000,0.000000,0.000000
2014-10-25T23:09:14Z,39.650870,-79.976174,0.000000,2684.000000,0.000000,0.000000
2014-10-25T23:10:14Z,39.650870,-79.976174,0.000000,2684.000000,0.000000,0.000000
2014-10-25T23:11:14Z,39.650870,-79.976174,0.000000,2684.000000,0.000000,0.000000
2014-10-25T23:12:15Z,39.650870,-79.976174,0.000000,2684.000000,0.000000,0.000000
2014-10-25T23:13:17Z,39.650958,-79.975404,0.000000,2596.000000,0.000000,0.000000
2014-10-25T23:14:17Z,39.650870,-79.976174,0.000000,2684.000000,0.000000,0.000000
2014-10-25T23:15:17Z,39.650958,-79.975404,0.000000,2596.000000,0.000000,0.000000
2014-10-25T23:16:17Z,39.640509,-79.960028,0.000000,2154.000000,0.000000,0.000000
2014-10-25T23:17:18Z,39.645778,-79.967331,0.000000,2154.000000,0.000000,0.000000
2014-10-25T23:18:18Z,39.651046,-79.974635,0.000000,2596.000000,0.000000,0.000000
2014-10-25T23:19:19Z,39.651046,-79.974635,0.000000,2596.000000,0.000000,0.000000
2014-10-25T23:20:20Z,39.651046,-79.974635,0.000000,2596.000000,0.000000,0.000000
2014-10-25T23:21:21Z,39.649704,-79.968575,0.000000,1561.000000,0.000000,0.000000
2014-10-25T23:22:27Z,39.648361,-79.962515,0.000000,1561.000000,0.000000,0.000000
2014-10-25T23:23:31Z,39.648361,-79.962515,0.000000,1561.000000,0.000000,0.000000
2014-10-25T23:24:31Z,39.648361,-79.962515,0.000000,1561.000000,0.000000,0.000000
2014-10-25T23:25:32Z,39.648361,-79.962515,0.000000,1561.000000,0.000000,0.000000
2014-10-25T23:26:32Z,39.648361,-79.962515,0.000000,1561.000000,0.000000,0.000000
2014-10-25T23:27:33Z,39.648361,-79.962515,0.000000,1561.000000,0.000000,0.000000
2014-10-25T23:28:33Z,39.648361,-79.962515,0.000000,1561.000000,0.000000,0.000000
2014-10-25T23:29:33Z,39.648361,-79.962515,0.000000,1561.000000,0.000000,0.000000
2014-10-25T23:30:34Z,39.648361,-79.962515,0.000000,1561.000000,0.000000,0.000000
2014-10-25T23:31:35Z,39.648080,-79.959586,0.000000,1561.000000,0.000000,0.000000
2014-10-25T23:32:36Z,39.647798,-79.956657,0.000000,2075.000000,0.000000,0.000000
2014-10-25T23:33:37Z,39.648361,-79.962515,0.000000,1561.000000,0.000000,0.000000
2014-10-25T23:34:39Z,39.648361,-79.962515,0.000000,1561.000000,0.000000,0.000000
2014-10-25T23:35:40Z,39.648361,-79.962515,0.000000,1561.000000,0.000000,0.000000
2014-10-25T23:36:41Z,39.648361,-79.962515,0.000000,1561.000000,0.000000,0.000000
2014-10-25T23:37:42Z,39.648361,-79.962515,0.000000,1561.000000,0.000000,0.000000
2014-10-25T23:38:43Z,39.648361,-79.962515,0.000000,1561.000000,0.000000,0.000000
2014-10-25T23:39:45Z,39.648361,-79.962515,0.000000,1561.000000,0.000000,0.000000
2014-10-25T23:40:46Z,39.648361,-79.962515,0.000000,1561.000000,0.000000,0.000000
2014-10-25T23:41:47Z,39.648361,-79.962515,0.000000,1561.000000,0.000000,0.000000
2014-10-25T23:42:48Z,39.648361,-79.962515,0.000000,1561.000000,0.000000,0.000000
2014-10-25T23:43:50Z,39.648361,-79.962515,0.000000,1561.000000,0.000000,0.000000
2014-10-25T23:44:50Z,39.648361,-79.962515,0.000000,1561.000000,0.000000,0.000000
2014-10-25T23:45:52Z,39.648361,-79.962515,0.000000,1561.000000,0.000000,0.000000
2014-10-25T23:46:58Z,39.648361,-79.962515,0.000000,1561.000000,0.000000,0.000000
2014-10-25T23:47:58Z,39.651046,-79.974635,0.000000,2596.000000,0.000000,0.000000
2014-10-25T23:49:00Z,39.651046,-79.974635,0.000000,2596.000000,0.000000,0.000000
2014-10-25T23:50:01Z,39.651046,-79.974635,0.000000,2596.000000,0.000000,0.000000
2014-10-25T23:51:02Z,39.651046,-79.974635,0.000000,2596.000000,0.000000,0.000000
2014-10-25T23:52:03Z,39.651046,-79.974635,0.000000,2596.000000,0.000000,0.000000
2014-10-25T23:53:03Z,39.651046,-79.974635,0.000000,2596.000000,0.000000,0.000000
2014-10-25T23:54:05Z,39.651046,-79.974635,0.000000,2596.000000,0.000000,0.000000
2014-10-25T23:55:07Z,39.651046,-79.974635,0.000000,2596.000000,0.000000,0.000000
2014-10-25T23:56:07Z,39.651046,-79.974635,0.000000,2596.000000,0.000000,0.000000
2014-10-25T23:57:08Z,39.651046,-79.974635,0.000000,2596.000000,0.000000,0.000000
2014-10-25T23:58:10Z,39.651046,-79.974635,0.000000,2596.000000,0.000000,0.000000
2014-10-25T23:59:11Z,39.651046,-79.974635,0.000000,2596.000000,0.000000,0.000000
2014-10-26T00:00:12Z,39.651046,-79.974635,0.000000,2596.000000,0.000000,0.000000
2014-10-26T00:01:15Z,39.651046,-79.974635,0.000000,2596.000000,0.000000,0.000000
2014-10-26T00:02:15Z,39.651046,-79.974635,0.000000,2596.000000,0.000000,0.000000
2014-10-26T00:03:16Z,39.651046,-79.974635,0.000000,2596.000000,0.000000,0.000000
2014-10-26T00:04:20Z,39.651046,-79.974635,0.000000,2596.000000,0.000000,0.000000
2014-10-26T00:05:21Z,39.651046,-79.974635,0.000000,2596.000000,0.000000,0.000000
2014-10-26T00:06:33Z,39.651046,-79.974635,0.000000,2596.000000,0.000000,0.000000
2014-10-26T00:07:41Z,39.651046,-79.974635,0.000000,2596.000000,0.000000,0.000000
2014-10-26T00:08:54Z,39.651046,-79.974635,0.000000,2596.000000,0.000000,0.000000
2014-10-26T00:10:02Z,39.651046,-79.974635,0.000000,2596.000000,0.000000,0.000000
2014-10-26T00:11:06Z,39.651046,-79.974635,0.000000,2596.000000,0.000000,0.000000
2014-10-26T00:12:06Z,39.651046,-79.974635,0.000000,2596.000000,0.000000,0.000000
2014-10-26T00:13:07Z,39.651046,-79.974635,0.000000,2596.000000,0.000000,0.000000
2014-10-26T00:14:07Z,39.651046,-79.974635,0.000000,2596.000000,0.000000,0.000000
2014-10-26T00:15:08Z,39.651046,-79.974635,0.000000,2596.000000,0.000000,0.000000
2014-10-26T00:16:08Z,39.651046,-79.974635,0.000000,2596.000000,0.000000,0.000000
2014-10-26T00:17:15Z,39.651046,-79.974635,0.000000,2596.000000,0.000000,0.000000
2014-10-26T00:18:36Z,39.651046,-79.974635,0.000000,2596.000000,0.000000,0.000000
2014-10-26T00:19:38Z,39.651046,-79.974635,0.000000,2596.000000,0.000000,0.000000
2014-10-26T00:20:39Z,39.651046,-79.974635,0.000000,2596.000000,0.000000,0.000000
2014-10-26T00:21:40Z,39.651046,-79.974635,0.000000,2596.000000,0.000000,0.000000
2014-10-26T00:22:40Z,39.651046,-79.974635,0.000000,2596.000000,0.000000,0.000000
2014-10-26T00:23:46Z,39.651046,-79.974635,0.000000,2596.000000,0.000000,0.000000
2014-10-26T00:24:48Z,39.651046,-79.974635,0.000000,2596.000000,0.000000,0.000000
2014-10-26T00:25:48Z,39.651046,-79.974635,0.000000,2596.000000,0.000000,0.000000
2014-10-26T00:26:51Z,39.651046,-79.974635,0.000000,2596.000000,0.000000,0.000000
2014-10-26T00:27:51Z,39.651046,-79.974635,0.000000,2596.000000,0.000000,0.000000
2014-10-26T00:29:12Z,39.651046,-79.974635,0.000000,2596.000000,0.000000,0.000000
2014-10-26T00:30:12Z,39.651046,-79.974635,0.000000,2596.000000,0.000000,0.000000
2014-10-26T00:31:18Z,39.651046,-79.974635,0.000000,2596.000000,0.000000,0.000000
2014-10-26T00:32:19Z,39.651046,-79.974635,0.000000,2596.000000,0.000000,0.000000
2014-10-26T00:33:26Z,39.651046,-79.974635,0.000000,2596.000000,0.000000,0.000000
2014-10-26T00:34:29Z,39.651046,-79.974635,0.000000,2596.000000,0.000000,0.000000
2014-10-26T00:35:34Z,39.651046,-79.974635,0.000000,2596.000000,0.000000,0.000000
2014-10-26T00:36:40Z,39.651046,-79.974635,0.000000,2596.000000,0.000000,0.000000
2014-10-26T00:37:48Z,39.651046,-79.974635,0.000000,2596.000000,0.000000,0.000000
2014-10-26T00:39:05Z,39.651046,-79.974635,0.000000,2596.000000,0.000000,0.000000
2014-10-26T00:40:10Z,39.651046,-79.974635,0.000000,2596.000000,0.000000,0.000000
2014-10-26T00:41:10Z,39.651046,-79.974635,0.000000,2596.000000,0.000000,0.000000
2014-10-26T00:42:10Z,39.651046,-79.974635,0.000000,2596.000000,0.000000,0.000000
2014-10-26T00:43:11Z,39.651046,-79.974635,0.000000,2596.000000,0.000000,0.000000
2014-10-26T00:44:14Z,39.651046,-79.974635,0.000000,2596.000000,0.000000,0.000000
2014-10-26T00:45:14Z,39.651046,-79.974635,0.000000,2596.000000,0.000000,0.000000
2014-10-26T00:46:15Z,39.651046,-79.974635,0.000000,2596.000000,0.000000,0.000000
2014-10-26T00:47:16Z,39.651046,-79.974635,0.000000,2596.000000,0.000000,0.000000
2014-10-26T00:48:16Z,39.651046,-79.974635,0.000000,2596.000000,0.000000,0.000000
2014-10-26T00:49:16Z,39.651046,-79.974635,0.000000,2596.000000,0.000000,0.000000
2014-10-26T00:50:17Z,39.651046,-79.974635,0.000000,2596.000000,0.000000,0.000000
2014-10-26T00:51:17Z,39.651046,-79.974635,0.000000,2596.000000,0.000000,0.000000
2014-10-26T00:52:18Z,39.651046,-79.974635,0.000000,2596.000000,0.000000,0.000000
2014-10-26T00:53:18Z,39.651046,-79.974635,0.000000,2596.000000,0.000000,0.000000
2014-10-26T00:54:18Z,39.651046,-79.974635,0.000000,2596.000000,0.000000,0.000000
2014-10-26T00:55:19Z,39.651046,-79.974635,0.000000,2596.000000,0.000000,0.000000
2014-10-26T00:56:19Z,39.651046,-79.974635,0.000000,2596.000000,0.000000,0.000000
2014-10-26T00:57:19Z,39.651046,-79.974635,0.000000,2596.000000,0.000000,0.000000
2014-10-26T00:58:19Z,39.651046,-79.974635,0.000000,2596.000000,0.000000,0.000000
2014-10-26T00:59:20Z,39.651046,-79.974635,0.000000,2596.000000,0.000000,0.000000
2014-10-26T01:00:20Z,39.650958,-79.975404,0.000000,2596.000000,0.000000,0.000000
2014-10-26T01:01:20Z,39.650870,-79.976174,0.000000,2684.000000,0.000000,0.000000
2014-10-26T01:02:20Z,39.650870,-79.976174,0.000000,2684.000000,0.000000,0.000000
2014-10-26T01:03:25Z,39.650870,-79.976174,0.000000,2684.000000,0.000000,0.000000
2014-10-26T01:04:38Z,39.650870,-79.976174,0.000000,2684.000000,0.000000,0.000000
2014-10-26T01:05:40Z,39.650870,-79.976174,0.000000,2684.000000,0.000000,0.000000
2014-10-26T01:06:40Z,39.650870,-79.976174,0.000000,2684.000000,0.000000,0.000000
2014-10-26T01:07:46Z,39.650870,-79.976174,0.000000,2684.000000,0.000000,0.000000
2014-10-26T01:08:47Z,39.650870,-79.976174,0.000000,2684.000000,0.000000,0.000000
2014-10-26T01:09:48Z,39.650870,-79.976174,0.000000,2684.000000,0.000000,0.000000
2014-10-26T01:10:49Z,39.650870,-79.976174,0.000000,2684.000000,0.000000,0.000000
2014-10-26T01:11:50Z,39.650870,-79.976174,0.000000,2684.000000,0.000000,0.000000
2014-10-26T01:12:51Z,39.650870,-79.976174,0.000000,2684.000000,0.000000,0.000000
2014-10-26T01:13:52Z,39.650870,-79.976174,0.000000,2684.000000,0.000000,0.000000
2014-10-26T01:14:55Z,39.650870,-79.976174,0.000000,2684.000000,0.000000,0.000000
2014-10-26T01:15:56Z,39.650870,-79.976174,0.000000,2684.000000,0.000000,0.000000
2014-10-26T01:16:57Z,39.650870,-79.976174,0.000000,2684.000000,0.000000,0.000000
2014-10-26T01:17:57Z,39.650958,-79.975404,0.000000,2596.000000,0.000000,0.000000
2014-10-26T01:19:00Z,39.651046,-79.974635,0.000000,2596.000000,0.000000,0.000000
2014-10-26T01:20:01Z,39.651046,-79.974635,0.000000,2596.000000,0.000000,0.000000
2014-10-26T01:21:02Z,39.651046,-79.974635,0.000000,2596.000000,0.000000,0.000000
2014-10-26T01:22:03Z,39.651046,-79.974635,0.000000,2596.000000,0.000000,0.000000
2014-10-26T01:23:10Z,39.651046,-79.974635,0.000000,2596.000000,0.000000,0.000000
2014-10-26T01:24:17Z,39.651046,-79.974635,0.000000,2596.000000,0.000000,0.000000
2014-10-26T01:25:18Z,39.651046,-79.974635,0.000000,2596.000000,0.000000,0.000000
2014-10-26T01:26:22Z,39.651046,-79.974635,0.000000,2596.000000,0.000000,0.000000
2014-10-26T01:27:29Z,39.651046,-79.974635,0.000000,2596.000000,0.000000,0.000000
2014-10-26T01:28:47Z,39.651046,-79.974635,0.000000,2596.000000,0.000000,0.000000
2014-10-26T01:29:52Z,39.651046,-79.974635,0.000000,2596.000000,0.000000,0.000000
2014-10-26T01:31:00Z,39.651046,-79.974635,0.000000,2596.000000,0.000000,0.000000
2014-10-26T01:32:02Z,39.651046,-79.974635,0.000000,2596.000000,0.000000,0.000000
2014-10-26T01:33:03Z,39.651046,-79.974635,0.000000,2596.000000,0.000000,0.000000
2014-10-26T01:34:04Z,39.651046,-79.974635,0.000000,2596.000000,0.000000,0.000000
2014-10-26T01:35:04Z,39.651046,-79.974635,0.000000,2596.000000,0.000000,0.000000
2014-10-26T01:36:05Z,39.651046,-79.974635,0.000000,2596.000000,0.000000,0.000000
2014-10-26T01:37:48Z,39.651046,-79.974635,0.000000,2596.000000,0.000000,0.000000
2014-10-26T01:38:48Z,39.651046,-79.974635,0.000000,2596.000000,0.000000,0.000000
2014-10-26T01:39:49Z,39.651046,-79.974635,0.000000,2596.000000,0.000000,0.000000
2014-10-26T01:40:49Z,39.651046,-79.974635,0.000000,2596.000000,0.000000,0.000000
2014-10-26T01:41:51Z,39.648363,-79.967816,274.000000,4.000000,41.299999,1.129292
2014-10-26T01:42:51Z,39.651046,-79.974635,0.000000,2596.000000,0.000000,0.000000
2014-10-26T01:43:52Z,39.651046,-79.974635,0.000000,2596.000000,0.000000,0.000000
2014-10-26T01:44:53Z,39.651046,-79.974635,0.000000,2596.000000,0.000000,0.000000
2014-10-26T01:45:54Z,39.651046,-79.974635,0.000000,2596.000000,0.000000,0.000000
2014-10-26T01:46:55Z,39.649790,-79.964989,278.000000,3.000000,135.699997,0.964624
2014-10-26T01:47:55Z,39.651046,-79.974635,0.000000,2596.000000,0.000000,0.000000
2014-10-26T01:48:55Z,39.651046,-79.974635,0.000000,2596.000000,0.000000,0.000000
2014-10-26T01:49:57Z,39.651046,-79.974635,0.000000,2596.000000,0.000000,0.000000
2014-10-26T01:50:57Z,39.649704,-79.968575,0.000000,1561.000000,0.000000,0.000000
2014-10-26T01:51:59Z,39.648361,-79.962515,0.000000,1561.000000,0.000000,0.000000
2014-10-26T01:53:00Z,39.648361,-79.962515,0.000000,1561.000000,0.000000,0.000000
2014-10-26T01:54:00Z,39.648361,-79.962515,0.000000,1561.000000,0.000000,0.000000
2014-10-26T01:55:02Z,39.648361,-79.962515,0.000000,1561.000000,0.000000,0.000000
2014-10-26T01:56:04Z,39.648361,-79.962515,0.000000,1561.000000,0.000000,0.000000
2014-10-26T01:57:11Z,39.648361,-79.962515,0.000000,1561.000000,0.000000,0.000000
2014-10-26T01:58:12Z,39.648361,-79.962515,0.000000,1561.000000,0.000000,0.000000
2014-10-26T01:59:13Z,39.648361,-79.962515,0.000000,1561.000000,0.000000,0.000000
2014-10-26T02:00:14Z,39.648361,-79.962515,0.000000,1561.000000,0.000000,0.000000
2014-10-26T02:01:16Z,39.648361,-79.962515,0.000000,1561.000000,0.000000,0.000000
2014-10-26T02:02:17Z,39.648361,-79.962515,0.000000,1561.000000,0.000000,0.000000
2014-10-26T02:03:20Z,39.648361,-79.962515,0.000000,1561.000000,0.000000,0.000000
2014-10-26T02:04:26Z,39.648361,-79.962515,0.000000,1561.000000,0.000000,0.000000
2014-10-26T02:05:33Z,39.648361,-79.962515,0.000000,1561.000000,0.000000,0.000000
2014-10-26T02:06:34Z,39.648361,-79.962515,0.000000,1561.000000,0.000000,0.000000
2014-10-26T02:07:35Z,39.648361,-79.962515,0.000000,1561.000000,0.000000,0.000000
2014-10-26T02:08:38Z,39.648361,-79.962515,0.000000,1561.000000,0.000000,0.000000
2014-10-26T02:09:40Z,39.648361,-79.962515,0.000000,1561.000000,0.000000,0.000000
2014-10-26T02:10:42Z,39.648361,-79.962515,0.000000,1561.000000,0.000000,0.000000
2014-10-26T02:11:44Z,39.648361,-79.962515,0.000000,1561.000000,0.000000,0.000000
2014-10-26T02:12:47Z,39.648361,-79.962515,0.000000,1561.000000,0.000000,0.000000
2014-10-26T02:13:48Z,39.648361,-79.962515,0.000000,1561.000000,0.000000,0.000000
2014-10-26T02:14:50Z,39.648361,-79.962515,0.000000,1561.000000,0.000000,0.000000
2014-10-26T02:15:50Z,39.648361,-79.962515,0.000000,1561.000000,0.000000,0.000000
2014-10-26T02:16:52Z,39.648361,-79.962515,0.000000,1561.000000,0.000000,0.000000
2014-10-26T02:17:55Z,39.648361,-79.962515,0.000000,1561.000000,0.000000,0.000000
2014-10-26T02:18:56Z,39.648361,-79.962515,0.000000,1561.000000,0.000000,0.000000
2014-10-26T02:20:00Z,39.648361,-79.962515,0.000000,1561.000000,0.000000,0.000000
2014-10-26T02:21:03Z,39.648361,-79.962515,0.000000,1561.000000,0.000000,0.000000
2014-10-26T02:22:03Z,39.648361,-79.962515,0.000000,1561.000000,0.000000,0.000000
2014-10-26T02:23:03Z,39.648361,-79.962515,0.000000,1561.000000,0.000000,0.000000
2014-10-26T02:24:04Z,39.659907,-79.967624,0.000000,1997.000000,0.000000,0.000000
2014-10-26T02:25:06Z,39.659907,-79.967624,0.000000,1997.000000,0.000000,0.000000
2014-10-26T02:26:12Z,39.659907,-79.967624,0.000000,1997.000000,0.000000,0.000000
2014-10-26T02:27:14Z,39.659907,-79.967624,0.000000,1997.000000,0.000000,0.000000
2014-10-26T02:28:15Z,39.659907,-79.967624,0.000000,1997.000000,0.000000,0.000000
2014-10-26T02:29:16Z,39.659907,-79.967624,0.000000,1997.000000,0.000000,0.000000
2014-10-26T02:30:17Z,39.648361,-79.962515,0.000000,1561.000000,0.000000,0.000000
2014-10-26T02:31:18Z,39.648361,-79.962515,0.000000,1561.000000,0.000000,0.000000
2014-10-26T02:32:34Z,39.648361,-79.962515,0.000000,1561.000000,0.000000,0.000000
2014-10-26T02:33:35Z,39.648361,-79.962515,0.000000,1561.000000,0.000000,0.000000
2014-10-26T02:34:35Z,39.652209,-79.964218,0.000000,1561.000000,0.000000,0.000000
2014-10-26T02:35:35Z,39.648361,-79.962515,0.000000,1561.000000,0.000000,0.000000
2014-10-26T02:36:36Z,39.648361,-79.962515,0.000000,1561.000000,0.000000,0.000000
2014-10-26T02:37:37Z,39.648361,-79.962515,0.000000,1561.000000,0.000000,0.000000
2014-10-26T02:38:38Z,39.648361,-79.962515,0.000000,1561.000000,0.000000,0.000000
2014-10-26T02:39:38Z,39.648361,-79.962515,0.000000,1561.000000,0.000000,0.000000
2014-10-26T02:40:39Z,39.648361,-79.962515,0.000000,1561.000000,0.000000,0.000000
2014-10-26T02:41:39Z,39.648361,-79.962515,0.000000,1561.000000,0.000000,0.000000
2014-10-26T02:42:46Z,39.648361,-79.962515,0.000000,1561.000000,0.000000,0.000000
2014-10-26T02:43:46Z,39.648361,-79.962515,0.000000,1561.000000,0.000000,0.000000
2014-10-26T02:44:47Z,39.649536,-79.963116,0.000000,1561.000000,0.000000,0.000000
2014-10-26T02:45:47Z,39.648361,-79.962515,0.000000,1561.000000,0.000000,0.000000
2014-10-26T02:46:49Z,39.650123,-79.963417,0.000000,1561.000000,0.000000,0.000000
2014-10-26T02:47:50Z,39.652209,-79.964218,0.000000,1561.000000,0.000000,0.000000
2014-10-26T02:48:51Z,39.649606,-79.960533,0.000000,20.000000,0.000000,0.000000
2014-10-26T02:49:53Z,39.649597,-79.960520,0.000000,20.000000,0.000000,0.000000
2014-10-26T02:50:58Z,39.649350,-79.960632,294.000000,19.000000,0.000000,0.000000
2014-10-26T02:52:01Z,39.649634,-79.960516,0.000000,20.000000,0.000000,0.000000
2014-10-26T02:53:07Z,39.649612,-79.960856,365.000000,6.000000,0.000000,0.000000
2014-10-26T02:54:10Z,39.649628,-79.960506,0.000000,20.000000,0.000000,0.000000
2014-10-26T02:55:15Z,39.649476,-79.960567,317.000000,19.000000,183.300003,0.320156
2014-10-26T02:56:18Z,39.649623,-79.960478,0.000000,20.000000,0.000000,0.000000
2014-10-26T02:57:23Z,39.649594,-79.960498,0.000000,20.000000,0.000000,0.000000
2014-10-26T02:58:36Z,39.649604,-79.960507,0.000000,35.346001,0.000000,0.000000
2014-10-26T02:59:44Z,39.649636,-79.960496,0.000000,20.000000,0.000000,0.000000
2014-10-26T03:00:50Z,39.649676,-79.960530,336.000000,18.000000,183.300003,0.459674
2014-10-26T03:02:00Z,39.649571,-79.960502,0.000000,20.000000,0.000000,0.000000
2014-10-26T03:03:02Z,39.649591,-79.960535,0.000000,32.992001,0.000000,0.000000
2014-10-26T03:04:06Z,39.649595,-79.960507,0.000000,34.917000,0.000000,0.000000
2014-10-26T03:05:31Z,39.649600,-79.960511,0.000000,20.000000,0.000000,0.000000
2014-10-26T03:06:42Z,39.649574,-79.960486,0.000000,20.000000,0.000000,0.000000
2014-10-26T03:07:46Z,39.649576,-79.960477,0.000000,20.000000,0.000000,0.000000
2014-10-26T03:08:47Z,39.649590,-79.960512,0.000000,20.000000,0.000000,0.000000
2014-10-26T03:09:49Z,39.649611,-79.960494,0.000000,36.459999,0.000000,0.000000
2014-10-26T03:10:57Z,39.649597,-79.960505,0.000000,20.000000,0.000000,0.000000
2014-10-26T03:12:01Z,39.649604,-79.960494,0.000000,20.000000,0.000000,0.000000
2014-10-26T03:13:04Z,39.649611,-79.960496,0.000000,20.000000,0.000000,0.000000
2014-10-26T03:14:08Z,39.649578,-79.960548,0.000000,31.618000,0.000000,0.000000
2014-10-26T03:15:23Z,39.649622,-79.960521,0.000000,35.338001,0.000000,0.000000
2014-10-26T03:16:27Z,39.649584,-79.960553,0.000000,31.559000,0.000000,0.000000
2014-10-26T03:17:32Z,39.649605,-79.960504,0.000000,20.000000,0.000000,0.000000
2014-10-26T03:18:37Z,39.649582,-79.960502,0.000000,20.000000,0.000000,0.000000
2014-10-26T03:19:43Z,39.649601,-79.960512,0.000000,20.000000,0.000000,0.000000
2014-10-26T03:20:48Z,39.649585,-79.960499,0.000000,20.000000,0.000000,0.000000
2014-10-26T03:22:16Z,39.649595,-79.960527,0.000000,33.682999,0.000000,0.000000
2014-10-26T03:23:17Z,39.649585,-79.960537,0.000000,32.610001,0.000000,0.000000
2014-10-26T03:24:22Z,39.649488,-79.960588,334.000000,19.000000,0.000000,0.000000
2014-10-26T03:25:26Z,39.649427,-79.960658,333.000000,6.000000,0.000000,0.000000
2014-10-26T03:26:28Z,39.649594,-79.960525,0.000000,33.770000,0.000000,0.000000
2014-10-26T03:27:52Z,39.649436,-79.960626,333.000000,26.000000,0.000000,0.000000
2014-10-26T03:28:57Z,39.649474,-79.960288,321.000000,18.000000,0.000000,0.150000
2014-10-26T03:30:01Z,39.649553,-79.960505,0.000000,33.421001,0.000000,0.000000
2014-10-26T03:31:06Z,39.649579,-79.960529,0.000000,20.000000,0.000000,0.000000
2014-10-26T03:32:15Z,39.649608,-79.960501,0.000000,20.000000,0.000000,0.000000
2014-10-26T03:33:19Z,39.649580,-79.960543,0.000000,20.000000,0.000000,0.000000
2014-10-26T03:34:25Z,39.649398,-79.960595,337.000000,16.000000,0.000000,0.000000
2014-10-26T03:35:31Z,39.649411,-79.960530,348.000000,15.000000,0.000000,0.000000
2014-10-26T03:36:35Z,39.649445,-79.960535,343.000000,8.000000,0.000000,0.000000
2014-10-26T03:37:41Z,39.649441,-79.960540,338.000000,19.000000,0.000000,0.000000
2014-10-26T03:39:17Z,39.649583,-79.960502,0.000000,20.000000,0.000000,0.000000
2014-10-26T03:40:21Z,39.649617,-79.960508,0.000000,35.904999,0.000000,0.000000
2014-10-26T03:41:33Z,39.649589,-79.960536,0.000000,20.000000,0.000000,0.000000
2014-10-26T03:42:38Z,39.649593,-79.960523,0.000000,20.000000,0.000000,0.000000
2014-10-26T03:43:39Z,39.649601,-79.960515,0.000000,20.000000,0.000000,0.000000
2014-10-26T03:44:39Z,39.649568,-79.960515,0.000000,20.000000,0.000000,0.000000
2014-10-26T03:45:44Z,39.649546,-79.960536,326.000000,14.000000,0.000000,0.000000
2014-10-26T03:46:48Z,39.649544,-79.960530,326.000000,10.000000,0.000000,0.000000
2014-10-26T03:47:52Z,39.649535,-79.960540,326.000000,11.000000,0.000000,0.000000
2014-10-26T03:48:56Z,39.649540,-79.960517,329.000000,23.000000,0.000000,0.000000
2014-10-26T03:50:02Z,39.649373,-79.960579,331.000000,15.000000,206.300003,0.425793
2014-10-26T03:51:06Z,39.649604,-79.960493,0.000000,20.000000,0.000000,0.000000
2014-10-26T03:52:13Z,39.649634,-79.960563,335.000000,11.000000,0.000000,0.000000
2014-10-26T03:53:24Z,39.649807,-79.960225,335.000000,29.000000,0.000000,0.000000
2014-10-26T03:54:38Z,39.649596,-79.960534,0.000000,20.000000,0.000000,0.000000
2014-10-26T03:55:44Z,39.649572,-79.960472,327.000000,14.000000,0.000000,0.000000
2014-10-26T03:56:48Z,39.649616,-79.960527,0.000000,20.000000,0.000000,0.000000
2014-10-26T03:57:52Z,39.649605,-79.960507,0.000000,35.367001,0.000000,0.000000
2014-10-26T03:58:56Z,39.649603,-79.960508,0.000000,20.000000,0.000000,0.000000
