time,lat,lon,elevation,accuracy,bearing,speed
2014-10-28T04:00:11Z,39.640818,-79.959761,0.000000,2114.000000,0.000000,0.000000
2014-10-28T04:01:13Z,39.640818,-79.959761,0.000000,2114.000000,0.000000,0.000000
2014-10-28T04:02:13Z,39.640818,-79.959761,0.000000,2114.000000,0.000000,0.000000
2014-10-28T04:03:20Z,39.640818,-79.959761,0.000000,2114.000000,0.000000,0.000000
2014-10-28T04:04:21Z,39.640818,-79.959761,0.000000,2114.000000,0.000000,0.000000
2014-10-28T04:05:21Z,39.640818,-79.959761,0.000000,2114.000000,0.000000,0.000000
2014-10-28T04:06:21Z,39.640818,-79.959761,0.000000,2114.000000,0.000000,0.000000
2014-10-28T04:07:22Z,39.640818,-79.959761,0.000000,2114.000000,0.000000,0.000000
2014-10-28T04:08:22Z,39.640818,-79.959761,0.000000,2114.000000,0.000000,0.000000
2014-10-28T04:09:22Z,39.640818,-79.959761,0.000000,2114.000000,0.000000,0.000000
2014-10-28T04:10:23Z,39.636766,-79.987491,0.000000,1666.000000,0.000000,0.000000
2014-10-28T04:11:24Z,39.634221,-79.988579,0.000000,2508.000000,0.000000,0.000000
2014-10-28T04:12:45Z,39.639316,-79.959656,0.000000,2114.000000,0.000000,0.000000
2014-10-28T04:13:46Z,39.640818,-79.959761,0.000000,2114.000000,0.000000,0.000000
2014-10-28T04:14:46Z,39.640818,-79.959761,0.000000,2114.000000,0.000000,0.000000
2014-10-28T04:15:46Z,39.640818,-79.959761,0.000000,2114.000000,0.000000,0.000000
2014-10-28T04:16:46Z,39.640818,-79.959761,0.000000,2114.000000,0.000000,0.000000
2014-10-28T04:17:46Z,39.640818,-79.959761,0.000000,2114.000000,0.000000,0.000000
2014-10-28T04:18:47Z,39.640818,-79.959761,0.000000,2114.000000,0.000000,0.000000
2014-10-28T04:19:47Z,39.640818,-79.959761,0.000000,2114.000000,0.000000,0.000000
2014-10-28T04:20:47Z,39.640818,-79.959761,0.000000,2114.000000,0.000000,0.000000
2014-10-28T04:21:47Z,39.640818,-79.959761,0.000000,2114.000000,0.000000,0.000000
2014-10-28T04:22:47Z,39.640818,-79.959761,0.000000,2114.000000,0.000000,0.000000
2014-10-28T04:23:47Z,39.639300,-79.977662,0.000000,2114.000000,0.000000,0.000000
2014-10-28T04:24:48Z,39.644328,-79.985867,0.000000,2646.000000,0.000000,0.000000
2014-10-28T04:25:48Z,39.644336,-79.976864,0.000000,2217.000000,0.000000,0.000000
2014-10-28T04:26:54Z,39.637782,-79.995564,0.000000,2646.000000,0.000000,0.000000
2014-10-28T04:27:54Z,39.637782,-79.995564,0.000000,2646.000000,0.000000,0.000000
2014-10-28T04:28:55Z,39.650875,-79.976169,0.000000,2684.000000,0.000000,0.000000
2014-10-28T04:29:56Z,39.639296,-79.991795,0.000000,2646.000000,0.000000,0.000000
2014-10-28T04:30:56Z,39.629942,-79.990913,0.000000,2646.000000,0.000000,0.000000
2014-10-28T04:31:56Z,39.630745,-79.999884,0.000000,3267.000000,0.000000,0.000000
2014-10-28T04:32:57Z,39.630745,-79.999884,0.000000,3267.000000,0.000000,0.000000
2014-10-28T04:33:58Z,39.630745,-79.999884,0.000000,3267.000000,0.000000,0.000000
2014-10-28T04:34:59Z,39.630745,-79.999884,0.000000,3267.000000,0.000000,0.000000
2014-10-28T04:36:01Z,39.630745,-79.999884,0.000000,3267.000000,0.000000,0.000000
2014-10-28T04:37:01Z,39.630745,-79.999884,0.000000,3267.000000,0.000000,0.000000
2014-10-28T04:38:02Z,39.630745,-79.999884,0.000000,3267.000000,0.000000,0.000000
2014-10-28T04:39:03Z,39.630745,-79.999884,0.000000,3267.000000,0.000000,0.000000
2014-10-28T04:40:03Z,39.630745,-79.999884,0.000000,3267.000000,0.000000,0.000000
2014-10-28T04:41:04Z,39.630745,-79.999884,0.000000,3267.000000,0.000000,0.000000
2014-10-28T04:42:04Z,39.630745,-79.999884,0.000000,3267.000000,0.000000,0.000000
2014-10-28T04:43:05Z,39.630745,-79.999884,0.000000,3267.000000,0.000000,0.000000
2014-10-28T04:44:05Z,39.630745,-79.999884,0.000000,3267.000000,0.000000,0.000000
2014-10-28T04:45:06Z,39.630745,-79.999884,0.000000,3267.000000,0.000000,0.000000
2014-10-28T04:46:16Z,39.630745,-79.999884,0.000000,3267.000000,0.000000,0.000000
2014-10-28T04:47:16Z,39.630745,-79.999884,0.000000,3267.000000,0.000000,0.000000
2014-10-28T04:48:17Z,39.630745,-79.999884,0.000000,3267.000000,0.000000,0.000000
2014-10-28T04:49:17Z,39.630745,-79.999884,0.000000,3267.000000,0.000000,0.000000
2014-10-28T04:50:22Z,39.630745,-79.999884,0.000000,3267.000000,0.000000,0.000000
2014-10-28T04:51:24Z,39.630745,-79.999884,0.000000,3267.000000,0.000000,0.000000
2014-10-28T04:52:24Z,39.630745,-79.999884,0.000000,3267.000000,0.000000,0.000000
2014-10-28T04:53:25Z,39.630745,-79.999884,0.000000,3267.000000,0.000000,0.000000
2014-10-28T04:54:25Z,39.630745,-79.999884,0.000000,3267.000000,0.000000,0.000000
2014-10-28T04:55:26Z,39.630745,-79.999884,0.000000,3267.000000,0.000000,0.000000
2014-10-28T04:56:26Z,39.630745,-79.999884,0.000000,3267.000000,0.000000,0.000000
2014-10-28T04:57:27Z,39.630745,-79.999884,0.000000,3267.000000,0.000000,0.000000
2014-10-28T04:58:27Z,39.630745,-79.999884,0.000000,3267.000000,0.000000,0.000000
2014-10-28T04:59:28Z,39.630745,-79.999884,0.000000,3267.000000,0.000000,0.000000
2014-10-28T05:00:28Z,39.630745,-79.999884,0.000000,3267.000000,0.000000,0.000000
2014-10-28T05:01:39Z,39.630745,-79.999884,0.000000,3267.000000,0.000000,0.000000
2014-10-28T05:02:46Z,39.630745,-79.999884,0.000000,3267.000000,0.000000,0.000000
2014-10-28T05:03:46Z,39.630745,-79.999884,0.000000,3267.000000,0.000000,0.000000
2014-10-28T05:04:48Z,39.630745,-79.999884,0.000000,3267.000000,0.000000,0.000000
2014-10-28T05:05:48Z,39.630745,-79.999884,0.000000,3267.000000,0.000000,0.000000
2014-10-28T05:06:51Z,39.630745,-79.999884,0.000000,3267.000000,0.000000,0.000000
2014-10-28T05:07:51Z,39.630745,-79.999884,0.000000,3267.000000,0.000000,0.000000
2014-10-28T05:08:52Z,39.640818,-79.959761,0.000000,2114.000000,0.000000,0.000000
2014-10-28T05:09:55Z,39.640818,-79.959761,0.000000,2114.000000,0.000000,0.000000
2014-10-28T05:10:58Z,39.640818,-79.959761,0.000000,2114.000000,0.000000,0.000000
2014-10-28T05:12:01Z,39.640818,-79.959761,0.000000,2114.000000,0.000000,0.000000
2014-10-28T05:13:01Z,39.640818,-79.959761,0.000000,2114.000000,0.000000,0.000000
2014-10-28T05:14:01Z,39.640818,-79.959761,0.000000,2114.000000,0.000000,0.000000
2014-10-28T05:15:02Z,39.640818,-79.959761,0.000000,2114.000000,0.000000,0.000000
2014-10-28T05:16:02Z,39.640818,-79.959761,0.000000,2114.000000,0.000000,0.000000
2014-10-28T05:17:02Z,39.640818,-79.959761,0.000000,2114.000000,0.000000,0.000000
2014-10-28T05:18:03Z,39.640818,-79.959761,0.000000,2114.000000,0.000000,0.000000
2014-10-28T05:19:03Z,39.640818,-79.959761,0.000000,2114.000000,0.000000,0.000000
2014-10-28T05:20:03Z,39.640818,-79.959761,0.000000,2114.000000,0.000000,0.000000
2014-10-28T05:21:04Z,39.640818,-79.959761,0.000000,2114.000000,0.000000,0.000000
2014-10-28T05:22:04Z,39.640818,-79.959761,0.000000,2114.000000,0.000000,0.000000
2014-10-28T05:23:05Z,39.640818,-79.959761,0.000000,2114.000000,0.000000,0.000000
2014-10-28T05:24:05Z,39.640818,-79.959761,0.000000,2114.000000,0.000000,0.000000
2014-10-28T05:25:05Z,39.640818,-79.959761,0.000000,2114.000000,0.000000,0.000000
2014-10-28T05:26:05Z,39.640818,-79.959761,0.000000,2114.000000,0.000000,0.000000
2014-10-28T05:27:05Z,39.640818,-79.959761,0.000000,2114.000000,0.000000,0.000000
2014-10-28T05:28:06Z,39.640818,-79.959761,0.000000,2114.000000,0.000000,0.000000
2014-10-28T05:29:06Z,39.640818,-79.959761,0.000000,2114.000000,0.000000,0.000000
2014-10-28T05:30:06Z,39.640818,-79.959761,0.000000,2114.000000,0.000000,0.000000
2014-10-28T05:31:06Z,39.640818,-79.959761,0.000000,2114.000000,0.000000,0.000000
2014-10-28T05:32:13Z,39.640818,-79.959761,0.000000,2114.000000,0.000000,0.000000
2014-10-28T05:33:17Z,39.640818,-79.959761,0.000000,2114.000000,0.000000,0.000000
2014-10-28T05:34:17Z,39.640818,-79.959761,0.000000,2114.000000,0.000000,0.000000
2014-10-28T05:35:37Z,39.629541,-79.986428,0.000000,2646.000000,0.000000,0.000000
2014-10-28T05:36:37Z,39.629541,-79.986428,0.000000,2646.000000,0.000000,0.000000
2014-10-28T05:37:37Z,39.621300,-79.977291,0.000000,2994.000000,0.000000,0.000000
2014-10-28T05:38:38Z,39.636520,-80.004849,0.000000,2646.000000,0.000000,0.000000
2014-10-28T05:39:38Z,39.637782,-79.995564,0.000000,2646.000000,0.000000,0.000000
2014-10-28T05:40:38Z,39.629541,-79.986428,0.000000,2646.000000,0.000000,0.000000
2014-10-28T05:41:39Z,39.632299,-79.977469,0.000000,2217.000000,0.000000,0.000000
2014-10-28T05:42:39Z,39.626022,-79.988588,0.000000,2994.000000,0.000000,0.000000
2014-10-28T05:43:40Z,39.637782,-79.995564,0.000000,2646.000000,0.000000,0.000000
2014-10-28T05:44:40Z,39.637782,-79.995564,0.000000,2646.000000,0.000000,0.000000
2014-10-28T05:45:40Z,39.637782,-79.995564,0.000000,2646.000000,0.000000,0.000000
2014-10-28T05:46:40Z,39.637782,-79.995564,0.000000,2646.000000,0.000000,0.000000
2014-10-28T05:47:41Z,39.637782,-79.995564,0.000000,2646.000000,0.000000,0.000000
2014-10-28T05:48:55Z,39.637782,-79.995564,0.000000,2646.000000,0.000000,0.000000
2014-10-28T05:49:55Z,39.634263,-79.997724,0.000000,2646.000000,0.000000,0.000000
2014-10-28T05:51:00Z,39.630745,-79.999884,0.000000,3267.000000,0.000000,0.000000
2014-10-28T05:52:20Z,39.630745,-79.999884,0.000000,3267.000000,0.000000,0.000000
2014-10-28T05:53:21Z,39.630745,-79.999884,0.000000,3267.000000,0.000000,0.000000
2014-10-28T05:54:22Z,39.630745,-79.999884,0.000000,3267.000000,0.000000,0.000000
2014-10-28T05:55:25Z,39.630745,-79.999884,0.000000,3267.000000,0.000000,0.000000
2014-10-28T05:56:26Z,39.630745,-79.999884,0.000000,3267.000000,0.000000,0.000000
2014-10-28T05:57:27Z,39.630745,-79.999884,0.000000,3267.000000,0.000000,0.000000
2014-10-28T05:58:27Z,39.630745,-79.999884,0.000000,3267.000000,0.000000,0.000000
2014-10-28T05:59:28Z,39.630745,-79.999884,0.000000,3267.000000,0.000000,0.000000
2014-10-28T06:00:29Z,39.630745,-79.999884,0.000000,3267.000000,0.000000,0.000000
2014-10-28T06:01:33Z,39.630745,-79.999884,0.000000,3267.000000,0.000000,0.000000
2014-10-28T06:02:35Z,39.630745,-79.999884,0.000000,3267.000000,0.000000,0.000000
2014-10-28T06:03:36Z,39.630745,-79.999884,0.000000,3267.000000,0.000000,0.000000
2014-10-28T06:04:36Z,39.635781,-79.979822,0.000000,2114.000000,0.000000,0.000000
2014-10-28T06:05:44Z,39.640818,-79.959761,0.000000,2114.000000,0.000000,0.000000
2014-10-28T06:06:44Z,39.640818,-79.959761,0.000000,2114.000000,0.000000,0.000000
2014-10-28T06:07:49Z,39.640818,-79.959761,0.000000,2114.000000,0.000000,0.000000
2014-10-28T06:08:50Z,39.640818,-79.959761,0.000000,2114.000000,0.000000,0.000000
2014-10-28T06:09:55Z,39.640818,-79.959761,0.000000,2114.000000,0.000000,0.000000
2014-10-28T06:10:56Z,39.640818,-79.959761,0.000000,2114.000000,0.000000,0.000000
2014-10-28T06:11:57Z,39.640818,-79.959761,0.000000,2114.000000,0.000000,0.000000
2014-10-28T06:12:58Z,39.640818,-79.959761,0.000000,2114.000000,0.000000,0.000000
2014-10-28T06:13:59Z,39.640818,-79.959761,0.000000,2114.000000,0.000000,0.000000
2014-10-28T06:14:59Z,39.640818,-79.959761,0.000000,2114.000000,0.000000,0.000000
2014-10-28T06:16:00Z,39.640818,-79.959761,0.000000,2114.000000,0.000000,0.000000
2014-10-28T06:17:01Z,39.640818,-79.959761,0.000000,2114.000000,0.000000,0.000000
2014-10-28T06:18:02Z,39.640818,-79.959761,0.000000,2114.000000,0.000000,0.000000
2014-10-28T06:19:02Z,39.640818,-79.959761,0.000000,2114.000000,0.000000,0.000000
2014-10-28T06:20:03Z,39.640818,-79.959761,0.000000,2114.000000,0.000000,0.000000
2014-10-28T06:21:04Z,39.640818,-79.959761,0.000000,2114.000000,0.000000,0.000000
2014-10-28T06:22:05Z,39.640818,-79.959761,0.000000,2114.000000,0.000000,0.000000
2014-10-28T06:23:06Z,39.640818,-79.959761,0.000000,2114.000000,0.000000,0.000000
2014-10-28T06:24:07Z,39.640818,-79.959761,0.000000,2114.000000,0.000000,0.000000
2014-10-28T06:25:08Z,39.640818,-79.959761,0.000000,2114.000000,0.000000,0.000000
2014-10-28T06:26:09Z,39.640818,-79.959761,0.000000,2114.000000,0.000000,0.000000
2014-10-28T06:27:10Z,39.636002,-79.992071,0.000000,2508.000000,0.000000,0.000000
2014-10-28T06:28:10Z,39.637782,-79.995564,0.000000,2646.000000,0.000000,0.000000
2014-10-28T06:29:11Z,39.637782,-79.995564,0.000000,2646.000000,0.000000,0.000000
2014-10-28T06:30:12Z,39.637782,-79.995564,0.000000,2646.000000,0.000000,0.000000
2014-10-28T06:31:12Z,39.634221,-79.988579,0.000000,2508.000000,0.000000,0.000000
2014-10-28T06:32:12Z,39.637782,-79.995564,0.000000,2646.000000,0.000000,0.000000
2014-10-28T06:33:13Z,39.637782,-79.995564,0.000000,2646.000000,0.000000,0.000000
2014-10-28T06:34:13Z,39.637782,-79.995564,0.000000,2646.000000,0.000000,0.000000
2014-10-28T06:35:13Z,39.637782,-79.995564,0.000000,2646.000000,0.000000,0.000000
2014-10-28T06:36:14Z,39.637782,-79.995564,0.000000,2646.000000,0.000000,0.000000
2014-10-28T06:37:14Z,39.637782,-79.995564,0.000000,2646.000000,0.000000,0.000000
2014-10-28T06:38:14Z,39.637782,-79.995564,0.000000,2646.000000,0.000000,0.000000
2014-10-28T06:39:15Z,39.637782,-79.995564,0.000000,2646.000000,0.000000,0.000000
2014-10-28T06:40:25Z,39.637782,-79.995564,0.000000,2646.000000,0.000000,0.000000
2014-10-28T06:41:29Z,39.650782,-79.974100,0.000000,2530.000000,0.000000,0.000000
2014-10-28T06:42:29Z,39.651031,-79.974673,0.000000,2594.000000,0.000000,0.000000
2014-10-28T06:43:30Z,39.651031,-79.974673,0.000000,2594.000000,0.000000,0.000000
2014-10-28T06:44:31Z,39.651031,-79.974673,0.000000,2594.000000,0.000000,0.000000
2014-10-28T06:45:40Z,39.651031,-79.974673,0.000000,2594.000000,0.000000,0.000000
2014-10-28T06:46:40Z,39.651031,-79.974673,0.000000,2594.000000,0.000000,0.000000
2014-10-28T06:47:41Z,39.646919,-79.970165,310.000000,6.000000,73.199997,1.270039
2014-10-28T06:48:41Z,39.651031,-79.974673,0.000000,2594.000000,0.000000,0.000000
2014-10-28T06:49:41Z,39.651031,-79.974673,0.000000,2594.000000,0.000000,0.000000
2014-10-28T06:50:45Z,39.651031,-79.974673,0.000000,2594.000000,0.000000,0.000000
2014-10-28T06:51:45Z,39.651031,-79.974673,0.000000,2594.000000,0.000000,0.000000
2014-10-28T06:52:46Z,39.659904,-79.967631,0.000000,1996.000000,0.000000,0.000000
2014-10-28T06:53:46Z,39.659904,-79.967631,0.000000,1996.000000,0.000000,0.000000
2014-10-28T06:54:46Z,39.659904,-79.967631,0.000000,1996.000000,0.000000,0.000000
2014-10-28T06:55:46Z,39.659904,-79.967631,0.000000,1996.000000,0.000000,0.000000
2014-10-28T06:56:46Z,39.659904,-79.967631,0.000000,1996.000000,0.000000,0.000000
2014-10-28T06:57:46Z,39.659904,-79.967631,0.000000,1996.000000,0.000000,0.000000
2014-10-28T06:58:46Z,39.659904,-79.967631,0.000000,1996.000000,0.000000,0.000000
2014-10-28T06:59:47Z,39.659904,-79.967631,0.000000,1996.000000,0.000000,0.000000
2014-10-28T07:01:12Z,39.659904,-79.967631,0.000000,1996.000000,0.000000,0.000000
2014-10-28T07:02:12Z,39.659904,-79.967631,0.000000,1996.000000,0.000000,0.000000
2014-10-28T07:03:12Z,39.659904,-79.967631,0.000000,1996.000000,0.000000,0.000000
2014-10-28T07:04:12Z,39.659904,-79.967631,0.000000,1996.000000,0.000000,0.000000
2014-10-28T07:05:12Z,39.659904,-79.967631,0.000000,1996.000000,0.000000,0.000000
2014-10-28T07:06:13Z,39.659904,-79.967631,0.000000,1996.000000,0.000000,0.000000
2014-10-28T07:07:16Z,39.659904,-79.967631,0.000000,1996.000000,0.000000,0.000000
2014-10-28T07:08:16Z,39.649638,-79.960509,0.000000,20.041000,0.000000,0.000000
2014-10-28T07:09:20Z,39.649548,-79.961009,355.000000,26.000000,0.000000,0.000000
2014-10-28T07:10:20Z,39.649575,-79.960498,0.000000,32.772999,0.000000,0.000000
2014-10-28T07:11:24Z,39.649535,-79.960852,334.000000,55.000000,0.000000,0.000000
2014-10-28T07:12:28Z,39.649619,-79.960482,300.000000,31.000000,0.000000,0.000000
2014-10-28T07:13:33Z,39.649645,-79.960180,280.000000,18.000000,0.000000,0.000000
2014-10-28T07:14:36Z,39.649605,-79.960383,288.000000,24.000000,0.000000,0.000000
2014-10-28T07:15:36Z,39.649572,-79.960486,0.000000,33.450001,0.000000,0.000000
2014-10-28T07:16:40Z,39.649505,-79.960636,315.000000,9.000000,87.500000,0.523259
2014-10-28T07:17:42Z,39.649513,-79.960437,307.000000,19.000000,87.500000,0.240832
2014-10-28T07:18:49Z,39.649474,-79.960013,309.000000,26.000000,90.099998,3.390944
2014-10-28T07:19:53Z,39.649499,-79.960762,327.000000,15.000000,0.000000,0.000000
2014-10-28T07:21:02Z,39.649527,-79.960683,326.000000,18.000000,0.000000,0.000000
2014-10-28T07:22:05Z,39.649617,-79.960551,307.000000,22.000000,90.099998,1.742699
2014-10-28T07:23:09Z,39.649644,-79.960957,314.000000,23.000000,0.000000,0.000000
2014-10-28T07:24:16Z,39.649559,-79.960745,318.000000,23.000000,0.000000,0.000000
2014-10-28T07:25:15Z,39.649581,-79.960494,0.000000,32.534000,0.000000,0.000000
2014-10-28T07:26:26Z,39.649576,-79.960665,311.000000,14.000000,90.099998,0.276586
2014-10-28T07:27:30Z,39.649215,-79.960978,330.000000,23.000000,0.000000,0.000000
2014-10-28T07:28:36Z,39.649577,-79.960500,0.000000,20.000000,0.000000,0.000000
2014-10-28T07:29:40Z,39.649566,-79.960507,0.000000,20.000000,0.000000,0.000000
2014-10-28T07:30:42Z,39.649672,-79.960755,261.000000,27.000000,90.099998,0.414005
2014-10-28T07:31:48Z,39.649416,-79.960720,326.000000,14.000000,0.000000,0.000000
2014-10-28T07:32:54Z,39.649180,-79.960500,305.000000,38.000000,0.000000,0.000000
2014-10-28T07:33:59Z,39.649303,-79.960445,313.000000,35.000000,0.000000,0.000000
2014-10-28T07:35:04Z,39.649575,-79.960504,0.000000,32.407001,0.000000,0.000000
2014-10-28T07:36:17Z,39.649585,-79.960504,0.000000,32.858002,0.000000,0.000000
2014-10-28T07:37:26Z,39.649387,-79.960497,307.000000,18.000000,0.000000,0.000000
2014-10-28T07:38:32Z,39.649456,-79.960547,316.000000,14.000000,0.000000,0.000000
2014-10-28T07:39:38Z,39.649461,-79.960578,321.000000,18.000000,0.000000,0.000000
2014-10-28T07:40:43Z,39.649569,-79.960775,324.000000,14.000000,351.399994,1.760028
2014-10-28T07:41:44Z,39.649591,-79.960500,0.000000,20.000000,0.000000,0.000000
2014-10-28T07:42:48Z,39.649580,-79.960493,0.000000,20.000000,0.000000,0.000000
2014-10-28T07:43:52Z,39.649771,-79.960948,356.000000,28.000000,271.799988,3.163558
2014-10-28T07:44:56Z,39.649419,-79.960739,369.000000,22.000000,271.799988,0.382884
2014-10-28T07:45:58Z,39.649568,-79.960505,0.000000,32.050999,0.000000,0.000000
2014-10-28T07:47:03Z,39.649441,-79.960548,329.000000,30.000000,0.000000,0.000000
2014-10-28T07:48:04Z,39.649581,-79.960509,0.000000,20.000000,0.000000,0.000000
2014-10-28T07:49:08Z,39.649464,-79.960540,335.000000,54.000000,0.000000,0.000000
2014-10-28T07:50:08Z,39.649572,-79.960511,0.000000,30.441000,0.000000,0.000000
2014-10-28T07:51:08Z,39.649582,-79.960502,0.000000,32.872002,0.000000,0.000000
2014-10-28T07:52:12Z,39.649571,-79.960486,0.000000,33.349998,0.000000,0.000000
2014-10-28T07:53:17Z,39.649379,-79.960833,368.000000,26.000000,0.000000,0.000000
2014-10-28T07:54:21Z,39.649583,-79.960498,0.000000,20.000000,0.000000,0.000000
2014-10-28T07:55:25Z,39.649417,-79.960779,353.000000,35.000000,0.000000,0.000000
2014-10-28T07:56:29Z,39.649402,-79.960727,350.000000,24.000000,0.000000,0.000000
2014-10-28T07:57:32Z,39.649411,-79.960719,352.000000,21.000000,271.799988,0.695845
2014-10-28T07:58:36Z,39.649684,-79.961103,379.000000,30.000000,0.000000,0.000000
2014-10-28T07:59:35Z,39.649572,-79.960514,0.000000,31.673000,0.000000,0.000000
2014-10-28T08:00:40Z,39.649679,-79.960831,351.000000,53.000000,0.000000,0.000000
2014-10-28T08:01:44Z,39.649689,-79.960901,359.000000,49.000000,0.000000,0.000000
2014-10-28T08:02:48Z,39.649474,-79.960698,341.000000,17.000000,0.000000,0.000000
2014-10-28T08:03:52Z,39.649448,-79.960623,333.000000,53.000000,0.000000,0.000000
2014-10-28T08:04:56Z,39.649448,-79.960623,335.000000,53.000000,0.000000,0.000000
2014-10-28T08:05:56Z,39.649584,-79.960514,0.000000,32.258999,0.000000,0.000000
2014-10-28T08:07:01Z,39.649456,-79.960721,342.000000,20.000000,1.600000,0.347851
2014-10-28T08:08:05Z,39.649521,-79.960841,343.000000,41.000000,0.000000,0.000000
2014-10-28T08:09:07Z,39.649440,-79.960838,339.000000,21.000000,0.000000,0.000000
2014-10-28T08:10:12Z,39.649365,-79.960707,321.000000,23.000000,0.000000,0.000000
2014-10-28T08:11:12Z,39.649576,-79.960487,0.000000,33.528000,0.000000,0.000000
2014-10-28T08:12:17Z,39.649514,-79.960337,324.000000,28.000000,1.600000,1.773697
2014-10-28T08:13:21Z,39.649582,-79.960488,0.000000,33.733002,0.000000,0.000000
2014-10-28T08:14:25Z,39.649586,-79.960513,0.000000,31.257999,0.000000,0.000000
2014-10-28T08:15:29Z,39.649383,-79.959962,227.000000,43.000000,1.600000,0.470106
2014-10-28T08:16:33Z,39.649482,-79.959860,229.000000,40.000000,0.000000,0.000000
2014-10-28T08:17:37Z,39.649450,-79.959716,213.000000,55.000000,0.000000,0.000000
2014-10-28T08:18:41Z,39.649430,-79.960141,259.000000,40.000000,0.000000,0.000000
2014-10-28T08:19:44Z,39.649436,-79.960210,262.000000,40.000000,0.000000,0.000000
2014-10-28T08:20:47Z,39.649474,-79.960408,284.000000,29.000000,0.000000,0.000000
2014-10-28T08:21:50Z,39.649475,-79.960403,283.000000,21.000000,0.000000,0.000000
2014-10-28T08:22:53Z,39.649483,-79.960463,288.000000,28.000000,0.000000,0.000000
2014-10-28T08:23:57Z,39.649475,-79.960472,290.000000,28.000000,0.000000,0.000000
2014-10-28T08:25:01Z,39.649463,-79.960393,305.000000,28.000000,0.000000,0.000000
2014-10-28T08:26:05Z,39.649583,-79.960500,0.000000,33.022999,0.000000,0.000000
2014-10-28T08:27:10Z,39.649496,-79.960485,314.000000,32.000000,0.000000,0.000000
2014-10-28T08:28:13Z,39.649572,-79.960492,0.000000,20.000000,0.000000,0.000000
2014-10-28T08:29:18Z,39.649490,-79.960503,316.000000,39.000000,0.000000,0.000000
2014-10-28T08:30:21Z,39.649491,-79.960523,318.000000,19.000000,1.600000,0.487032
2014-10-28T08:31:23Z,39.649596,-79.960318,329.000000,27.000000,1.600000,0.221359
2014-10-28T08:32:23Z,39.649582,-79.960502,0.000000,20.000000,0.000000,0.000000
2014-10-28T08:33:28Z,39.649576,-79.960503,0.000000,32.558998,0.000000,0.000000
2014-10-28T08:34:32Z,39.649564,-79.960517,0.000000,31.127001,0.000000,0.000000
2014-10-28T08:35:36Z,39.649555,-79.960624,346.000000,24.000000,0.000000,0.000000
2014-10-28T08:36:38Z,39.649508,-79.960553,323.000000,28.000000,0.000000,0.000000
2014-10-28T08:37:46Z,39.649463,-79.960557,321.000000,28.000000,0.000000,0.000000
2014-10-28T08:38:50Z,39.649449,-79.960564,319.000000,56.000000,0.000000,0.000000
2014-10-28T08:39:54Z,39.649448,-79.960576,321.000000,16.000000,0.000000,0.000000
2014-10-28T08:40:58Z,39.649446,-79.960584,320.000000,27.000000,0.000000,0.000000
2014-10-28T08:42:02Z,39.649447,-79.960586,319.000000,56.000000,0.000000,0.000000
2014-10-28T08:43:06Z,39.649451,-79.960582,320.000000,55.000000,0.000000,0.000000
2014-10-28T08:44:10Z,39.649598,-79.960485,0.000000,20.000000,0.000000,0.000000
2014-10-28T08:45:14Z,39.649629,-79.960426,297.000000,47.000000,0.000000,0.000000
2014-10-28T08:46:14Z,39.649579,-79.960531,0.000000,30.957001,0.000000,0.000000
2014-10-28T08:47:18Z,39.649575,-79.960370,289.000000,40.000000,0.000000,0.000000
2014-10-28T08:48:22Z,39.649558,-79.960497,296.000000,28.000000,0.000000,0.000000
2014-10-28T08:49:26Z,39.649571,-79.960498,0.000000,32.627998,0.000000,0.000000
2014-10-28T08:50:30Z,39.649558,-79.960518,300.000000,18.000000,0.000000,0.050000
2014-10-28T08:51:34Z,39.649562,-79.960473,0.000000,33.849998,0.000000,0.000000
2014-10-28T08:52:38Z,39.649400,-79.960192,259.000000,53.000000,0.000000,0.000000
2014-10-28T08:53:42Z,39.649408,-79.960311,275.000000,38.000000,0.000000,0.000000
2014-10-28T08:54:46Z,39.649418,-79.960601,315.000000,28.000000,0.000000,0.000000
2014-10-28T08:55:49Z,39.649420,-79.960620,317.000000,50.000000,0.000000,0.000000
2014-10-28T08:56:51Z,39.649536,-79.960443,338.000000,17.000000,282.000000,1.310343
2014-10-28T08:57:56Z,39.649441,-79.960746,304.000000,35.000000,282.000000,0.673573
2014-10-28T08:59:00Z,39.649683,-79.960577,327.000000,57.000000,0.000000,0.000000
2014-10-28T09:00:03Z,39.649586,-79.960508,0.000000,32.631001,0.000000,0.000000
2014-10-28T09:01:13Z,39.649487,-79.960583,306.000000,23.000000,13.000000,0.458803
2014-10-28T09:02:16Z,39.649319,-79.960772,339.000000,24.000000,0.000000,0.000000
2014-10-28T09:03:15Z,39.649582,-79.960483,0.000000,20.000000,0.000000,0.000000
2014-10-28T09:04:20Z,39.649393,-79.960597,314.000000,17.000000,0.000000,0.000000
2014-10-28T09:05:23Z,39.649575,-79.960525,0.000000,31.117001,0.000000,0.000000
2014-10-28T09:06:34Z,39.649578,-79.960481,0.000000,34.028000,0.000000,0.000000
2014-10-28T09:07:38Z,39.649589,-79.960509,0.000000,32.773998,0.000000,0.000000
2014-10-28T09:08:43Z,39.649589,-79.960509,0.000000,32.743000,0.000000,0.000000
2014-10-28T09:09:47Z,39.649564,-79.960497,0.000000,32.426998,0.000000,0.000000
2014-10-28T09:10:51Z,39.649578,-79.960521,0.000000,31.520000,0.000000,0.000000
2014-10-28T09:12:03Z,39.649579,-79.960495,0.000000,20.000000,0.000000,0.000000
2014-10-28T09:13:07Z,39.649590,-79.960490,0.000000,33.950001,0.000000,0.000000
2014-10-28T09:14:11Z,39.649574,-79.960492,0.000000,33.124001,0.000000,0.000000
2014-10-28T09:15:15Z,39.649578,-79.960506,0.000000,32.466999,0.000000,0.000000
2014-10-28T09:16:19Z,39.649558,-79.960505,0.000000,31.634001,0.000000,0.000000
2014-10-28T09:17:23Z,39.649579,-79.960484,0.000000,33.862000,0.000000,0.000000
2014-10-28T09:18:34Z,39.649569,-79.960508,0.000000,31.882999,0.000000,0.000000
2014-10-28T09:19:38Z,39.649582,-79.960502,0.000000,32.903000,0.000000,0.000000
2014-10-28T09:20:49Z,39.649581,-79.960492,0.000000,20.000000,0.000000,0.000000
2014-10-28T09:21:53Z,39.649182,-79.960470,229.000000,24.000000,45.099998,1.097679
2014-10-28T09:22:56Z,39.649563,-79.960511,0.000000,31.450001,0.000000,0.000000
2014-10-28T09:24:00Z,39.649566,-79.960500,0.000000,32.280998,0.000000,0.000000
2014-10-28T09:25:04Z,39.649569,-79.960519,0.000000,31.246000,0.000000,0.000000
2014-10-28T09:26:08Z,39.649589,-79.960502,0.000000,33.182999,0.000000,0.000000
2014-10-28T09:27:12Z,39.649592,-79.960306,368.000000,36.000000,45.099998,1.330038
2014-10-28T09:28:15Z,39.649577,-79.960501,0.000000,20.000000,0.000000,0.000000
2014-10-28T09:29:19Z,39.649585,-79.960510,0.000000,20.000000,0.000000,0.000000
2014-10-28T09:30:22Z,39.649376,-79.960713,346.000000,26.000000,45.099998,0.470106
2014-10-28T09:31:23Z,39.649575,-79.960500,0.000000,20.000000,0.000000,0.000000
2014-10-28T09:32:27Z,39.649587,-79.960486,0.000000,20.000000,0.000000,0.000000
2014-10-28T09:33:31Z,39.649571,-79.960494,0.000000,32.855000,0.000000,0.000000
2014-10-28T09:34:35Z,39.649574,-79.960475,0.000000,20.000000,0.000000,0.000000
2014-10-28T09:35:38Z,39.649580,-79.960501,0.000000,20.000000,0.000000,0.000000
2014-10-28T09:36:39Z,39.649589,-79.960483,0.000000,34.327999,0.000000,0.000000
2014-10-28T09:37:43Z,39.649583,-79.960494,0.000000,33.362000,0.000000,0.000000
2014-10-28T09:38:46Z,39.649592,-79.960487,0.000000,34.252998,0.000000,0.000000
2014-10-28T09:39:51Z,39.649230,-79.960649,398.000000,40.000000,45.099998,0.662722
2014-10-28T09:40:54Z,39.649356,-79.960621,271.000000,24.000000,45.099998,0.292062
2014-10-28T09:41:54Z,39.649577,-79.960494,0.000000,33.141998,0.000000,0.000000
2014-10-28T09:42:58Z,39.649581,-79.960490,0.000000,33.534000,0.000000,0.000000
2014-10-28T09:44:02Z,39.649705,-79.960596,286.000000,26.000000,0.000000,0.000000
2014-10-28T09:45:05Z,39.649706,-79.960483,281.000000,35.000000,0.000000,0.000000
2014-10-28T09:46:08Z,39.649656,-79.960392,282.000000,48.000000,0.000000,0.000000
2014-10-28T09:47:11Z,39.649577,-79.960500,0.000000,32.793999,0.000000,0.000000
2014-10-28T09:48:15Z,39.649591,-79.960496,0.000000,33.669998,0.000000,0.000000
2014-10-28T09:49:17Z,39.649239,-79.960654,361.000000,16.000000,45.099998,0.668431
2014-10-28T09:50:20Z,39.649471,-79.960525,321.000000,19.000000,45.099998,0.167631
2014-10-28T09:51:23Z,39.649346,-79.960489,289.000000,27.000000,45.099998,0.632851
2014-10-28T09:52:27Z,39.649464,-79.960290,330.000000,16.000000,0.000000,0.000000
2014-10-28T09:53:33Z,39.649474,-79.960295,336.000000,58.000000,0.000000,0.000000
2014-10-28T09:54:36Z,39.649571,-79.960464,0.000000,34.785999,0.000000,0.000000
2014-10-28T09:55:40Z,39.649574,-79.960473,0.000000,34.320999,0.000000,0.000000
2014-10-28T09:56:40Z,39.649584,-79.960508,0.000000,32.560001,0.000000,0.000000
2014-10-28T09:57:44Z,39.649566,-79.960519,0.000000,31.066000,0.000000,0.000000
2014-10-28T09:58:48Z,39.649700,-79.960508,319.000000,12.000000,45.099998,0.313209
2014-10-28T09:59:51Z,39.649564,-79.960498,0.000000,32.317001,0.000000,0.000000
2014-10-28T10:00:55Z,39.649585,-79.960488,0.000000,20.000000,0.000000,0.000000
2014-10-28T10:01:59Z,39.649599,-79.960386,336.000000,24.000000,0.000000,0.000000
2014-10-28T10:03:01Z,39.649605,-79.960369,337.000000,23.000000,0.000000,0.000000
2014-10-28T10:04:04Z,39.649626,-79.960390,340.000000,18.000000,0.000000,0.000000
2014-10-28T10:05:08Z,39.649575,-79.960484,0.000000,33.705002,0.000000,0.000000
2014-10-28T10:06:10Z,39.649246,-79.960553,343.000000,21.000000,0.000000,0.150000
2014-10-28T10:07:13Z,39.649502,-79.960800,297.000000,22.000000,45.099998,0.791581
2014-10-28T10:08:17Z,39.649568,-79.960499,0.000000,20.000000,0.000000,0.000000
2014-10-28T10:09:21Z,39.649584,-79.960520,0.000000,31.875000,0.000000,0.000000
2014-10-28T10:10:23Z,39.649582,-79.960284,359.000000,14.000000,45.099998,0.809938
2014-10-28T10:11:27Z,39.649632,-79.960345,362.000000,16.000000,0.000000,0.000000
2014-10-28T10:12:30Z,39.649625,-79.960319,351.000000,18.000000,0.000000,0.000000
2014-10-28T10:13:33Z,39.649610,-79.960314,347.000000,18.000000,45.099998,0.680000
2014-10-28T10:14:35Z,39.649381,-79.960579,339.000000,15.000000,45.099998,0.520384
2014-10-28T10:15:39Z,39.649580,-79.960472,0.000000,20.000000,0.000000,0.000000
2014-10-28T10:16:43Z,39.649495,-79.960510,323.000000,24.000000,0.000000,0.000000
2014-10-28T10:17:46Z,39.649575,-79.960498,0.000000,32.806999,0.000000,0.000000
2014-10-28T10:18:50Z,39.649413,-79.960183,301.000000,24.000000,0.000000,0.030000
2014-10-28T10:19:53Z,39.649590,-79.960501,0.000000,33.285999,0.000000,0.000000
2014-10-28T10:20:57Z,39.649597,-79.960486,313.000000,26.000000,0.000000,0.000000
2014-10-28T10:22:00Z,39.649589,-79.960482,0.000000,20.000000,0.000000,0.000000
2014-10-28T10:23:03Z,39.649532,-79.960465,315.000000,26.000000,0.000000,0.000000
2014-10-28T10:24:06Z,39.649568,-79.960493,0.000000,32.818001,0.000000,0.000000
2014-10-28T10:25:06Z,39.649582,-79.960520,0.000000,31.760000,0.000000,0.000000
2014-10-28T10:26:13Z,39.649589,-79.960500,0.000000,20.000000,0.000000,0.000000
2014-10-28T10:27:17Z,39.649470,-79.960433,282.000000,14.000000,0.000000,0.000000
2014-10-28T10:28:21Z,39.649456,-79.960488,293.000000,21.000000,0.000000,0.000000
2014-10-28T10:29:23Z,39.649468,-79.960474,295.000000,19.000000,0.000000,0.000000
2014-10-28T10:30:26Z,39.649476,-79.960453,297.000000,27.000000,0.000000,0.000000
2014-10-28T10:31:30Z,39.649582,-79.960505,0.000000,32.705002,0.000000,0.000000
2014-10-28T10:32:35Z,39.649488,-79.960449,301.000000,21.000000,0.000000,0.140000
2014-10-28T10:33:38Z,39.649597,-79.960532,0.000000,31.771000,0.000000,0.000000
2014-10-28T10:34:42Z,39.649489,-79.960469,340.000000,26.000000,0.000000,0.000000
2014-10-28T10:35:45Z,39.649578,-79.960513,0.000000,32.040001,0.000000,0.000000
2014-10-28T10:36:49Z,39.649567,-79.960491,0.000000,32.924000,0.000000,0.000000
2014-10-28T10:37:53Z,39.649487,-79.960455,331.000000,20.000000,0.000000,0.000000
2014-10-28T10:38:55Z,39.649491,-79.960465,329.000000,13.000000,0.000000,0.000000
2014-10-28T10:39:59Z,39.649569,-79.960503,0.000000,20.000000,0.000000,0.000000
2014-10-28T10:41:08Z,39.649550,-79.960524,325.000000,18.000000,0.000000,0.000000
2014-10-28T10:42:11Z,39.649525,-79.960456,310.000000,20.000000,0.000000,0.000000
2014-10-28T10:43:15Z,39.649522,-79.960462,316.000000,19.000000,0.000000,0.000000
2014-10-28T10:44:19Z,39.649522,-79.960463,316.000000,19.000000,0.000000,0.070000
2014-10-28T10:45:18Z,39.649587,-79.960509,0.000000,32.667999,0.000000,0.000000
2014-10-28T10:46:22Z,39.649470,-79.960418,318.000000,15.000000,45.099998,0.420000
2014-10-28T10:47:25Z,39.649449,-79.960355,332.000000,13.000000,0.000000,0.000000
2014-10-28T10:48:28Z,39.649432,-79.960428,340.000000,26.000000,0.000000,0.000000
2014-10-28T10:49:32Z,39.649457,-79.960422,335.000000,26.000000,0.000000,0.000000
2014-10-28T10:50:36Z,39.649439,-79.960408,322.000000,23.000000,0.000000,0.000000
2014-10-28T10:51:38Z,39.649444,-79.960403,320.000000,19.000000,0.000000,0.000000
2014-10-28T10:52:42Z,39.649440,-79.960381,317.000000,17.000000,0.000000,0.000000
2014-10-28T10:53:45Z,39.649590,-79.960510,0.000000,32.785999,0.000000,0.000000
2014-10-28T10:54:49Z,39.649582,-79.960493,0.000000,20.000000,0.000000,0.000000
2014-10-28T10:55:53Z,39.649553,-79.960677,317.000000,17.000000,45.099998,1.484857
2014-10-28T10:56:56Z,39.649592,-79.960502,0.000000,33.300999,0.000000,0.000000
2014-10-28T10:58:00Z,39.649446,-79.960447,319.000000,42.000000,0.000000,0.000000
2014-10-28T10:59:03Z,39.649420,-79.960517,326.000000,24.000000,0.000000,0.000000
2014-10-28T11:00:07Z,39.649431,-79.960486,321.000000,18.000000,0.000000,0.000000
2014-10-28T11:01:10Z,39.649586,-79.960489,0.000000,20.000000,0.000000,0.000000
2014-10-28T11:02:14Z,39.649589,-79.960509,0.000000,32.755001,0.000000,0.000000
2014-10-28T11:03:17Z,39.649478,-79.960537,308.000000,26.000000,0.000000,0.000000
2014-10-28T11:04:21Z,39.649565,-79.960521,0.000000,30.886000,0.000000,0.000000
2014-10-28T11:05:21Z,39.649567,-79.960506,0.000000,20.000000,0.000000,0.000000
2014-10-28T11:06:25Z,39.649473,-79.960542,318.000000,11.000000,0.000000,0.000000
2014-10-28T11:07:28Z,39.649567,-79.960509,0.000000,31.736000,0.000000,0.000000
2014-10-28T11:08:32Z,39.649588,-79.960503,0.000000,20.000000,0.000000,0.000000
2014-10-28T11:09:36Z,39.649590,-79.960522,0.000000,32.032001,0.000000,0.000000
2014-10-28T11:10:38Z,39.649354,-79.960589,352.000000,20.000000,0.000000,0.000000
2014-10-28T11:11:42Z,39.649580,-79.960492,0.000000,20.000000,0.000000,0.000000
2014-10-28T11:12:46Z,39.649381,-79.960508,339.000000,39.000000,0.000000,0.000000
2014-10-28T11:13:50Z,39.649457,-79.960435,328.000000,19.000000,0.000000,0.000000
2014-10-28T11:14:54Z,39.649476,-79.960422,325.000000,23.000000,0.000000,0.000000
2014-10-28T11:15:58Z,39.649581,-79.960514,0.000000,20.000000,0.000000,0.000000
2014-10-28T11:17:02Z,39.649545,-79.960003,251.000000,35.000000,0.000000,0.000000
2014-10-28T11:18:05Z,39.649583,-79.960494,0.000000,20.000000,0.000000,0.000000
2014-10-28T11:19:09Z,39.649540,-79.960365,283.000000,37.000000,0.000000,0.000000
2014-10-28T11:20:12Z,39.649575,-79.960501,0.000000,32.603001,0.000000,0.000000
2014-10-28T11:21:16Z,39.649577,-79.960495,0.000000,33.074001,0.000000,0.000000
2014-10-28T11:22:21Z,39.649454,-79.960799,344.000000,44.000000,45.099998,0.414849
2014-10-28T11:23:23Z,39.649508,-79.960666,301.000000,22.000000,45.099998,0.434166
2014-10-28T11:24:27Z,39.649578,-79.960515,0.000000,31.865000,0.000000,0.000000
2014-10-28T11:25:29Z,39.649406,-79.960144,288.000000,27.000000,0.000000,0.000000
2014-10-28T11:26:37Z,39.649456,-79.960204,296.000000,28.000000,0.000000,0.000000
2014-10-28T11:27:41Z,39.649467,-79.960256,300.000000,24.000000,0.000000,0.000000
2014-10-28T11:28:44Z,39.649586,-79.960496,0.000000,20.000000,0.000000,0.000000
2014-10-28T11:29:48Z,39.649467,-79.960566,347.000000,11.000000,0.000000,0.000000
2014-10-28T11:30:48Z,39.649578,-79.960504,0.000000,32.588001,0.000000,0.000000
2014-10-28T11:31:51Z,39.649587,-79.960500,0.000000,33.216000,0.000000,0.000000
2014-10-28T11:32:56Z,39.649557,-79.960227,278.000000,19.000000,0.000000,0.190000
2014-10-28T11:33:59Z,39.649582,-79.960502,0.000000,20.000000,0.000000,0.000000
2014-10-28T11:35:03Z,39.649364,-79.960453,297.000000,22.000000,0.000000,0.000000
2014-10-28T11:36:07Z,39.649379,-79.960441,297.000000,26.000000,0.000000,0.160000
2014-10-28T11:37:11Z,39.649528,-79.960548,318.000000,20.000000,0.000000,0.000000
2014-10-28T11:38:15Z,39.649412,-79.960630,352.000000,23.000000,0.000000,0.000000
2014-10-28T11:39:18Z,39.649578,-79.960510,330.000000,43.000000,0.000000,0.000000
2014-10-28T11:40:21Z,39.649570,-79.960498,0.000000,32.588001,0.000000,0.000000
2014-10-28T11:41:25Z,39.649587,-79.960476,331.000000,22.000000,0.000000,0.000000
2014-10-28T11:42:29Z,39.649565,-79.960500,332.000000,65.000000,0.000000,0.000000
2014-10-28T11:43:32Z,39.649572,-79.960532,0.000000,30.568001,0.000000,0.000000
2014-10-28T11:44:36Z,39.649578,-79.960488,0.000000,20.000000,0.000000,0.000000
2014-10-28T11:45:40Z,39.649580,-79.960486,329.000000,18.000000,0.000000,0.000000
2014-10-28T11:46:43Z,39.649570,-79.960490,330.000000,12.000000,0.000000,0.000000
2014-10-28T11:47:47Z,39.649535,-79.960484,331.000000,19.000000,0.000000,0.000000
2014-10-28T11:48:50Z,39.649575,-79.960505,0.000000,20.000000,0.000000,0.000000
2014-10-28T11:49:52Z,39.649526,-79.960477,330.000000,26.000000,0.000000,0.000000
2014-10-28T11:50:53Z,39.649592,-79.960488,0.000000,20.000000,0.000000,0.000000
2014-10-28T11:51:56Z,39.649526,-79.960484,330.000000,18.000000,0.000000,0.000000
2014-10-28T11:52:59Z,39.649580,-79.960500,0.000000,20.000000,0.000000,0.000000
2014-10-28T11:54:03Z,39.649521,-79.960493,332.000000,22.000000,0.000000,0.000000
2014-10-28T11:55:06Z,39.649590,-79.960490,0.000000,20.000000,0.000000,0.000000
2014-10-28T11:56:14Z,39.649509,-79.960506,333.000000,15.000000,0.000000,0.000000
2014-10-28T11:57:14Z,39.649576,-79.960486,0.000000,33.627998,0.000000,0.000000
2014-10-28T11:58:18Z,39.649514,-79.960506,332.000000,15.000000,0.000000,0.000000
2014-10-28T11:59:22Z,39.649514,-79.960507,333.000000,29.000000,0.000000,0.000000
2014-10-28T12:00:25Z,39.649515,-79.960504,333.000000,32.000000,0.000000,0.000000
2014-10-28T12:01:29Z,39.649586,-79.960498,0.000000,20.000000,0.000000,0.000000
2014-10-28T12:02:33Z,39.649684,-79.960278,313.000000,27.000000,0.000000,0.000000
2014-10-28T12:03:36Z,39.649572,-79.960499,0.000000,32.591999,0.000000,0.000000
2014-10-28T12:04:41Z,39.649589,-79.960474,0.000000,20.000000,0.000000,0.000000
2014-10-28T12:05:45Z,39.649614,-79.960294,320.000000,33.000000,0.000000,0.000000
2014-10-28T12:06:49Z,39.649607,-79.960349,324.000000,16.000000,0.000000,0.000000
2014-10-28T12:07:53Z,39.649594,-79.960360,321.000000,19.000000,0.000000,0.000000
2014-10-28T12:08:56Z,39.649576,-79.960519,0.000000,20.000000,0.000000,0.000000
2014-10-28T12:10:01Z,39.649596,-79.960356,323.000000,23.000000,0.000000,0.000000
2014-10-28T12:11:01Z,39.649580,-79.960480,0.000000,20.000000,0.000000,0.000000
2014-10-28T12:12:05Z,39.649585,-79.960497,0.000000,33.292999,0.000000,0.000000
2014-10-28T12:13:10Z,39.649425,-79.960490,209.000000,48.000000,0.000000,0.000000
2014-10-28T12:14:14Z,39.649466,-79.960415,222.000000,34.000000,0.000000,0.000000
2014-10-28T12:15:14Z,39.649579,-79.960482,0.000000,33.998001,0.000000,0.000000
2014-10-28T12:16:15Z,39.649582,-79.960519,0.000000,20.000000,0.000000,0.000000
2014-10-28T12:17:19Z,39.649572,-79.960484,0.000000,20.000000,0.000000,0.000000
2014-10-28T12:18:23Z,39.649575,-79.960478,0.000000,20.000000,0.000000,0.000000
2014-10-28T12:19:27Z,39.649476,-79.958758,-9.000000,24.000000,0.000000,0.000000
2014-10-28T12:20:30Z,39.649582,-79.960487,0.000000,20.000000,0.000000,0.000000
2014-10-28T12:21:35Z,39.649464,-79.960796,329.000000,24.000000,0.000000,0.000000
2014-10-28T12:22:39Z,39.649576,-79.960505,0.000000,32.409000,0.000000,0.000000
2014-10-28T12:23:43Z,39.649377,-79.960627,351.000000,29.000000,45.099998,1.126410
2014-10-28T12:24:46Z,39.649582,-79.960525,0.000000,31.473000,0.000000,0.000000
2014-10-28T12:25:50Z,39.649518,-79.960519,404.000000,27.000000,0.000000,0.000000
2014-10-28T12:26:53Z,39.649494,-79.960524,401.000000,24.000000,0.000000,0.000000
2014-10-28T12:27:57Z,39.649449,-79.960500,371.000000,28.000000,0.000000,0.000000
2014-10-28T12:29:01Z,39.649451,-79.960497,360.000000,29.000000,0.000000,0.000000
2014-10-28T12:30:02Z,39.649455,-79.960504,359.000000,23.000000,0.000000,0.000000
2014-10-28T12:31:03Z,39.649597,-79.960497,0.000000,20.000000,0.000000,0.000000
2014-10-28T12:32:07Z,39.649577,-79.960477,0.000000,20.000000,0.000000,0.000000
2014-10-28T12:33:11Z,39.649575,-79.960506,0.000000,32.316002,0.000000,0.000000
2014-10-28T12:34:16Z,39.649590,-79.960487,0.000000,20.000000,0.000000,0.000000
2014-10-28T12:35:18Z,39.649590,-79.960507,0.000000,20.000000,0.000000,0.000000
2014-10-28T12:36:37Z,39.649582,-79.960490,0.000000,20.000000,0.000000,0.000000
2014-10-28T12:37:42Z,39.649653,-79.960361,306.000000,25.000000,0.000000,0.000000
2014-10-28T12:38:48Z,39.649615,-79.960337,305.000000,20.000000,0.000000,0.000000
2014-10-28T12:40:00Z,39.649685,-79.960082,273.000000,49.000000,0.000000,0.000000
2014-10-28T12:41:05Z,39.649582,-79.960310,314.000000,22.000000,0.000000,0.000000
2014-10-28T12:42:14Z,39.649581,-79.960305,316.000000,47.000000,0.000000,0.000000
2014-10-28T12:43:19Z,39.649601,-79.960477,0.000000,20.000000,0.000000,0.000000
2014-10-28T12:44:24Z,39.649570,-79.960316,316.000000,45.000000,0.000000,0.000000
2014-10-28T12:45:26Z,39.649570,-79.960316,316.000000,20.000000,45.099998,0.371214
2014-10-28T12:46:34Z,39.649203,-79.960191,363.000000,26.000000,45.099998,2.443461
2014-10-28T12:47:38Z,39.649583,-79.960474,0.000000,20.000000,0.000000,0.000000
2014-10-28T12:48:44Z,39.649581,-79.960509,0.000000,20.000000,0.000000,0.000000
2014-10-28T12:49:45Z,39.649579,-79.960522,0.000000,20.000000,0.000000,0.000000
2014-10-28T12:50:47Z,39.649482,-79.960642,314.000000,7.000000,0.000000,0.000000
2014-10-28T12:52:16Z,39.649568,-79.960519,0.000000,31.150999,0.000000,0.000000
2014-10-28T12:53:21Z,39.649582,-79.960519,0.000000,20.000000,0.000000,0.000000
2014-10-28T12:54:33Z,39.649572,-79.960517,0.000000,20.000000,0.000000,0.000000
2014-10-28T12:55:44Z,39.649595,-79.960521,0.000000,20.000000,0.000000,0.000000
2014-10-28T12:56:49Z,39.649576,-79.960507,0.000000,32.236000,0.000000,0.000000
2014-10-28T12:57:55Z,39.649607,-79.960529,0.000000,30.000000,0.000000,0.000000
2014-10-28T12:58:59Z,39.649578,-79.960532,0.000000,29.774000,0.000000,0.000000
2014-10-28T13:00:04Z,39.649562,-79.960476,0.000000,20.000000,0.000000,0.000000
2014-10-28T13:01:10Z,39.649574,-79.960508,0.000000,20.000000,0.000000,0.000000
2014-10-28T13:02:18Z,39.649558,-79.960504,0.000000,20.000000,0.000000,0.000000
2014-10-28T13:03:23Z,39.649565,-79.960517,0.000000,20.000000,0.000000,0.000000
2014-10-28T13:04:28Z,39.649570,-79.960517,0.000000,20.000000,0.000000,0.000000
2014-10-28T13:05:33Z,39.649576,-79.960512,0.000000,20.000000,0.000000,0.000000
2014-10-28T13:06:49Z,39.649566,-79.960513,0.000000,31.441000,0.000000,0.000000
2014-10-28T13:07:55Z,39.649573,-79.960523,0.000000,20.000000,0.000000,0.000000
2014-10-28T13:09:01Z,39.649555,-79.960494,0.000000,20.000000,0.000000,0.000000
2014-10-28T13:10:07Z,39.649574,-79.960516,0.000000,20.000000,0.000000,0.000000
2014-10-28T13:11:12Z,39.649562,-79.960509,0.000000,20.000000,0.000000,0.000000
2014-10-28T13:12:29Z,39.649568,-79.960505,0.000000,20.000000,0.000000,0.000000
2014-10-28T13:13:34Z,39.649581,-79.960544,0.000000,20.000000,0.000000,0.000000
2014-10-28T13:14:39Z,39.649587,-79.960517,0.000000,20.000000,0.000000,0.000000
2014-10-28T13:15:44Z,39.649571,-79.960512,0.000000,20.000000,0.000000,0.000000
2014-10-28T13:16:49Z,39.649580,-79.960509,0.000000,20.000000,0.000000,0.000000
2014-10-28T13:17:56Z,39.649583,-79.960514,0.000000,20.000000,0.000000,0.000000
2014-10-28T13:19:01Z,39.649567,-79.960517,0.000000,20.000000,0.000000,0.000000
2014-10-28T13:20:07Z,39.649567,-79.960501,0.000000,20.000000,0.000000,0.000000
2014-10-28T13:21:12Z,39.649568,-79.960517,0.000000,20.000000,0.000000,0.000000
2014-10-28T13:22:17Z,39.649573,-79.960509,0.000000,20.000000,0.000000,0.000000
2014-10-28T13:23:36Z,39.649577,-79.960501,0.000000,32.707001,0.000000,0.000000
2014-10-28T13:24:41Z,39.649574,-79.960539,0.000000,30.224001,0.000000,0.000000
2014-10-28T13:25:45Z,39.649566,-79.960475,0.000000,20.000000,0.000000,0.000000
2014-10-28T13:26:57Z,39.649574,-79.960512,0.000000,20.000000,0.000000,0.000000
2014-10-28T13:28:02Z,39.649569,-79.960511,0.000000,31.712999,0.000000,0.000000
2014-10-28T13:29:07Z,39.649573,-79.960499,0.000000,20.000000,0.000000,0.000000
2014-10-28T13:30:13Z,39.649575,-79.960496,0.000000,32.882000,0.000000,0.000000
2014-10-28T13:31:18Z,39.649575,-79.960495,0.000000,20.000000,0.000000,0.000000
2014-10-28T13:32:23Z,39.649573,-79.960506,0.000000,20.000000,0.000000,0.000000
2014-10-28T13:33:38Z,39.649556,-79.960504,0.000000,20.000000,0.000000,0.000000
2014-10-28T13:34:42Z,39.649562,-79.960502,0.000000,20.000000,0.000000,0.000000
2014-10-28T13:35:48Z,39.649572,-79.960516,0.000000,31.507999,0.000000,0.000000
2014-10-28T13:36:53Z,39.649597,-79.960481,0.000000,20.000000,0.000000,0.000000
2014-10-28T13:38:01Z,39.649585,-79.960514,0.000000,20.000000,0.000000,0.000000
2014-10-28T13:39:06Z,39.649573,-79.960490,0.000000,20.000000,0.000000,0.000000
2014-10-28T13:40:10Z,39.649525,-79.960496,433.000000,25.000000,152.600006,0.442719
2014-10-28T13:41:16Z,39.649392,-79.960643,326.000000,16.000000,152.600006,0.241661
2014-10-28T13:42:21Z,39.649392,-79.960669,338.000000,19.000000,152.600006,1.610000
2014-10-28T13:43:36Z,39.649495,-79.960313,299.000000,30.000000,0.000000,0.000000
2014-10-28T13:44:42Z,39.649511,-79.960428,311.000000,16.000000,0.000000,0.030000
2014-10-28T13:45:45Z,39.649475,-79.960373,309.000000,23.000000,332.000000,0.698570
2014-10-28T13:46:52Z,39.649494,-79.960407,309.000000,23.000000,0.000000,0.000000
2014-10-28T13:47:53Z,39.649586,-79.960482,0.000000,20.000000,0.000000,0.000000
2014-10-28T13:48:59Z,39.649501,-79.960419,308.000000,27.000000,0.000000,0.000000
2014-10-28T13:50:03Z,39.649499,-79.960427,306.000000,32.000000,0.000000,0.000000
2014-10-28T13:51:09Z,39.649684,-79.960682,294.000000,22.000000,332.000000,0.805295
2014-10-28T13:52:18Z,39.649584,-79.960471,285.000000,20.000000,0.000000,0.000000
2014-10-28T13:53:48Z,39.649579,-79.960504,295.000000,36.000000,0.000000,0.000000
2014-10-28T13:54:53Z,39.649579,-79.960701,357.000000,23.000000,332.000000,0.710634
2014-10-28T13:55:57Z,39.649574,-79.960637,346.000000,27.000000,0.000000,0.000000
2014-10-28T13:57:08Z,39.649529,-79.960665,347.000000,46.000000,0.000000,0.000000
2014-10-28T13:58:17Z,39.649475,-79.960526,315.000000,20.000000,0.000000,0.000000
2014-10-28T13:59:23Z,39.649432,-79.960517,309.000000,24.000000,0.000000,0.000000
2014-10-28T14:00:28Z,39.649671,-79.960643,287.000000,19.000000,245.600006,0.424500
2014-10-28T14:01:34Z,39.649583,-79.960646,288.000000,23.000000,0.000000,0.000000
2014-10-28T14:02:41Z,39.649530,-79.960622,304.000000,21.000000,0.000000,0.000000
2014-10-28T14:03:50Z,39.649525,-79.960615,314.000000,26.000000,0.000000,0.000000
2014-10-28T14:04:54Z,39.649500,-79.960612,316.000000,46.000000,0.000000,0.000000
2014-10-28T14:05:59Z,39.649501,-79.960603,320.000000,23.000000,0.000000,0.000000
2014-10-28T14:07:17Z,39.649505,-79.960605,321.000000,27.000000,245.600006,0.806040
2014-10-28T14:08:24Z,39.649520,-79.961061,375.000000,28.000000,0.000000,0.000000
2014-10-28T14:09:24Z,39.649584,-79.960462,0.000000,20.000000,0.000000,0.000000
2014-10-28T14:10:28Z,39.649585,-79.960511,0.000000,20.000000,0.000000,0.000000
2014-10-28T14:11:33Z,39.649485,-79.960632,326.000000,32.000000,0.000000,0.000000
2014-10-28T14:12:38Z,39.649455,-79.960569,309.000000,34.000000,0.000000,0.000000
2014-10-28T14:13:55Z,39.649725,-79.960764,389.000000,21.000000,0.000000,0.000000
2014-10-28T14:15:01Z,39.649529,-79.960682,334.000000,21.000000,0.000000,0.000000
2014-10-28T14:16:07Z,39.649515,-79.960646,330.000000,15.000000,0.000000,0.000000
2014-10-28T14:17:13Z,39.649520,-79.960609,333.000000,49.000000,0.000000,0.000000
2014-10-28T14:18:19Z,39.649529,-79.960591,337.000000,27.000000,0.000000,0.000000
2014-10-28T14:19:25Z,39.649521,-79.960587,335.000000,14.000000,0.000000,0.000000
2014-10-28T14:20:33Z,39.649521,-79.960588,333.000000,41.000000,0.000000,0.000000
2014-10-28T14:21:39Z,39.649538,-79.960591,333.000000,29.000000,0.000000,0.000000
2014-10-28T14:22:45Z,39.649537,-79.960592,334.000000,13.000000,0.000000,0.000000
2014-10-28T14:23:57Z,39.649533,-79.960588,333.000000,20.000000,0.000000,0.000000
2014-10-28T14:25:03Z,39.649529,-79.960586,333.000000,23.000000,0.000000,0.000000
2014-10-28T14:26:08Z,39.649527,-79.960582,331.000000,42.000000,0.000000,0.000000
2014-10-28T14:27:13Z,39.649512,-79.960578,327.000000,26.000000,0.000000,0.000000
2014-10-28T14:28:18Z,39.649204,-79.960396,313.000000,33.000000,258.299988,0.306757
2014-10-28T14:29:26Z,39.649338,-79.960526,313.000000,22.000000,0.000000,0.000000
2014-10-28T14:30:32Z,39.649604,-79.960890,312.000000,27.000000,0.000000,0.100000
2014-10-28T14:31:36Z,39.649497,-79.960664,319.000000,21.000000,0.000000,0.000000
2014-10-28T14:32:42Z,39.649452,-79.960417,298.000000,17.000000,0.000000,0.000000
2014-10-28T14:33:51Z,39.649451,-79.960447,304.000000,15.000000,258.299988,1.458390
2014-10-28T14:34:57Z,39.649474,-79.960468,323.000000,51.000000,0.000000,0.000000
2014-10-28T14:36:03Z,39.649474,-79.960470,322.000000,48.000000,0.000000,0.000000
2014-10-28T14:37:10Z,39.649488,-79.960462,320.000000,22.000000,0.000000,0.000000
2014-10-28T14:38:11Z,39.649589,-79.960491,0.000000,33.846001,0.000000,0.000000
2014-10-28T14:39:16Z,39.649498,-79.960465,320.000000,22.000000,0.000000,0.000000
2014-10-28T14:40:23Z,39.649930,-79.960621,367.000000,28.000000,0.000000,0.000000
2014-10-28T14:41:31Z,39.649612,-79.960414,316.000000,33.000000,0.000000,0.000000
2014-10-28T14:42:36Z,39.649550,-79.960391,310.000000,23.000000,0.000000,0.000000
2014-10-28T14:43:40Z,39.649590,-79.960418,322.000000,14.000000,258.299988,0.360000
2014-10-28T14:44:46Z,39.649544,-79.960399,319.000000,20.000000,0.000000,0.000000
2014-10-28T14:45:51Z,39.649536,-79.960402,315.000000,17.000000,0.000000,0.000000
2014-10-28T14:46:58Z,39.649461,-79.960519,333.000000,25.000000,0.000000,0.000000
2014-10-28T14:48:04Z,39.649491,-79.960607,339.000000,29.000000,0.000000,0.000000
2014-10-28T14:49:14Z,39.649561,-79.960495,0.000000,32.396000,0.000000,0.000000
2014-10-28T14:50:20Z,39.649442,-79.960529,322.000000,35.000000,0.000000,0.000000
2014-10-28T14:51:24Z,39.649321,-79.960668,367.000000,29.000000,258.299988,0.291204
2014-10-28T14:52:30Z,39.649472,-79.960575,356.000000,17.000000,0.000000,0.000000
2014-10-28T14:53:36Z,39.649434,-79.960617,358.000000,14.000000,264.799988,3.450985
2014-10-28T14:54:42Z,39.649505,-79.960549,337.000000,17.000000,0.000000,0.000000
2014-10-28T14:55:48Z,39.649518,-79.960509,331.000000,13.000000,0.000000,0.000000
2014-10-28T14:56:55Z,39.649527,-79.960506,329.000000,31.000000,0.000000,0.000000
2014-10-28T14:58:01Z,39.649531,-79.960488,326.000000,30.000000,0.000000,0.000000
2014-10-28T14:59:15Z,39.649524,-79.960484,323.000000,16.000000,0.000000,0.000000
2014-10-28T15:00:21Z,39.649522,-79.960479,322.000000,20.000000,0.000000,0.000000
2014-10-28T15:01:28Z,39.649552,-79.960360,308.000000,11.000000,0.000000,0.000000
2014-10-28T15:02:34Z,39.649563,-79.960367,314.000000,19.000000,0.000000,0.000000
2014-10-28T15:03:40Z,39.648250,-79.960454,79.000000,61.000000,0.000000,0.000000
2014-10-28T15:04:46Z,39.649513,-79.960562,319.000000,21.000000,264.799988,0.644050
2014-10-28T15:05:52Z,39.649481,-79.960517,316.000000,14.000000,0.000000,0.000000
2014-10-28T15:06:57Z,39.649490,-79.960531,319.000000,51.000000,0.000000,0.000000
2014-10-28T15:08:02Z,39.649362,-79.960734,326.000000,24.000000,0.000000,0.000000
2014-10-28T15:09:18Z,39.649641,-79.960965,367.000000,24.000000,264.799988,1.903786
2014-10-28T15:10:29Z,39.649486,-79.960591,317.000000,21.000000,0.000000,0.000000
2014-10-28T15:11:31Z,39.649489,-79.960592,315.000000,20.000000,0.000000,0.000000
2014-10-28T15:12:38Z,39.649491,-79.960573,317.000000,25.000000,0.000000,0.000000
2014-10-28T15:13:42Z,39.649501,-79.960541,319.000000,28.000000,0.000000,0.000000
2014-10-28T15:14:47Z,39.649615,-79.960570,309.000000,22.000000,264.799988,0.376431
2014-10-28T15:15:52Z,39.649933,-79.960763,450.000000,48.000000,0.000000,0.000000
2014-10-28T15:16:59Z,39.649763,-79.960719,388.000000,54.000000,0.000000,0.000000
2014-10-28T15:18:03Z,39.649545,-79.960477,0.000000,20.000000,0.000000,0.000000
2014-10-28T15:19:24Z,39.649667,-79.960652,368.000000,19.000000,0.000000,0.000000
2014-10-28T15:20:28Z,39.649565,-79.960402,309.000000,27.000000,0.000000,0.000000
2014-10-28T15:21:33Z,39.649537,-79.960409,318.000000,14.000000,0.000000,0.000000
2014-10-28T15:22:39Z,39.649514,-79.960420,319.000000,20.000000,0.000000,0.000000
2014-10-28T15:23:44Z,39.649521,-79.960407,322.000000,56.000000,0.000000,0.000000
2014-10-28T15:24:51Z,39.649523,-79.960403,320.000000,38.000000,0.000000,0.000000
2014-10-28T15:25:55Z,39.649803,-79.960737,341.000000,32.000000,0.000000,0.030000
2014-10-28T15:27:02Z,39.649755,-79.960780,338.000000,21.000000,0.000000,0.000000
2014-10-28T15:28:06Z,39.649567,-79.960490,0.000000,32.917000,0.000000,0.000000
2014-10-28T15:29:29Z,39.649515,-79.960600,358.000000,15.000000,264.799988,2.512409
2014-10-28T15:30:34Z,39.649570,-79.960499,0.000000,20.000000,0.000000,0.000000
2014-10-28T15:31:38Z,39.649461,-79.960429,305.000000,33.000000,264.799988,2.748036
2014-10-28T15:32:41Z,39.649449,-79.960502,287.000000,6.000000,32.700001,0.910879
2014-10-28T15:33:44Z,39.649471,-79.960560,297.000000,14.000000,32.700001,3.932353
2014-10-28T15:34:56Z,39.649589,-79.960494,296.000000,16.000000,291.000000,1.722614
2014-10-28T15:36:03Z,39.649647,-79.960105,267.000000,59.000000,291.000000,1.067801
2014-10-28T15:37:07Z,39.649586,-79.960446,317.000000,11.000000,291.000000,0.353836
2014-10-28T15:38:10Z,39.649502,-79.960570,305.000000,14.000000,291.000000,2.033937
2014-10-28T15:39:18Z,39.649571,-79.960491,0.000000,33.071999,0.000000,0.000000
2014-10-28T15:40:22Z,39.649615,-79.960209,256.000000,38.000000,76.400002,5.193737
2014-10-28T15:41:26Z,39.649575,-79.960438,309.000000,19.000000,85.500000,4.537058
2014-10-28T15:42:31Z,39.649570,-79.960485,0.000000,33.422001,0.000000,0.000000
2014-10-28T15:43:33Z,39.649464,-79.960555,289.000000,19.000000,75.099998,10.921030
2014-10-28T15:44:43Z,39.649223,-79.960609,321.000000,23.000000,167.699997,4.122730
2014-10-28T15:45:47Z,39.649571,-79.960559,286.000000,17.000000,197.899994,2.810071
2014-10-28T15:46:52Z,39.649561,-79.960392,281.000000,15.000000,197.899994,2.818883
2014-10-28T15:47:59Z,39.649531,-79.960423,275.000000,13.000000,197.899994,0.857555
2014-10-28T15:49:04Z,39.649633,-79.960469,328.000000,16.000000,158.500000,2.971077
2014-10-28T15:50:08Z,39.649542,-79.960529,324.000000,18.000000,158.500000,5.027654
2014-10-28T15:51:13Z,39.649587,-79.960488,0.000000,20.000000,0.000000,0.000000
2014-10-28T15:52:17Z,39.649467,-79.960366,304.000000,50.000000,0.000000,0.000000
2014-10-28T15:53:22Z,39.649856,-79.960543,327.000000,20.000000,327.399994,6.049372
2014-10-28T15:54:39Z,39.649606,-79.960349,293.000000,20.000000,327.399994,5.502808
2014-10-28T15:55:44Z,39.649492,-79.960882,359.000000,19.000000,228.100006,1.717032
2014-10-28T15:56:52Z,39.649405,-79.960461,263.000000,30.000000,0.000000,0.000000
2014-10-28T15:57:56Z,39.649487,-79.960595,321.000000,13.000000,8.500000,0.492443
2014-10-28T15:58:57Z,39.649587,-79.960474,0.000000,20.000000,0.000000,0.000000
2014-10-28T15:59:58Z,39.649568,-79.960506,0.000000,20.000000,0.000000,0.000000
2014-10-28T16:01:03Z,39.649672,-79.960523,305.000000,24.000000,0.000000,0.000000
2014-10-28T16:02:13Z,39.649663,-79.960524,307.000000,24.000000,259.899994,0.867006
2014-10-28T16:03:12Z,39.649576,-79.960522,0.000000,31.375999,0.000000,0.000000
2014-10-28T16:04:17Z,39.649490,-79.960619,255.000000,32.000000,0.000000,0.000000
2014-10-28T16:05:21Z,39.649584,-79.960488,0.000000,20.000000,0.000000,0.000000
2014-10-28T16:06:26Z,39.649572,-79.960498,0.000000,32.631001,0.000000,0.000000
2014-10-28T16:07:28Z,39.649582,-79.960555,304.000000,23.000000,259.899994,1.220041
2014-10-28T16:08:39Z,39.649597,-79.960669,353.000000,14.000000,0.000000,0.000000
2014-10-28T16:09:38Z,39.649582,-79.960494,0.000000,20.000000,0.000000,0.000000
2014-10-28T16:10:42Z,39.649578,-79.960494,0.000000,20.000000,0.000000,0.000000
2014-10-28T16:11:46Z,39.649586,-79.960640,338.000000,19.000000,0.000000,0.000000
2014-10-28T16:12:51Z,39.649811,-79.960456,300.000000,21.000000,0.000000,0.000000
2014-10-28T16:13:55Z,39.649634,-79.960463,302.000000,19.000000,0.000000,0.000000
2014-10-28T16:15:00Z,39.649577,-79.960498,0.000000,20.000000,0.000000,0.000000
2014-10-28T16:16:05Z,39.649578,-79.960465,0.000000,20.000000,0.000000,0.000000
2014-10-28T16:17:11Z,39.649580,-79.960510,0.000000,54.851002,0.000000,0.000000
2014-10-28T16:18:23Z,39.649569,-79.960488,0.000000,20.000000,0.000000,0.000000
2014-10-28T16:19:28Z,39.649569,-79.960476,0.000000,20.000000,0.000000,0.000000
2014-10-28T16:20:32Z,39.649562,-79.960475,0.000000,20.000000,0.000000,0.000000
2014-10-28T16:21:36Z,39.649591,-79.960478,0.000000,28.174000,0.000000,0.000000
2014-10-28T16:22:41Z,39.649584,-79.960484,0.000000,20.000000,0.000000,0.000000
2014-10-28T16:23:45Z,39.649581,-79.960464,0.000000,27.650000,0.000000,0.000000
2014-10-28T16:24:45Z,39.649570,-79.960494,0.000000,20.000000,0.000000,0.000000
2014-10-28T16:25:49Z,39.649574,-79.960494,0.000000,33.018002,0.000000,0.000000
2014-10-28T16:26:53Z,39.649575,-79.960480,0.000000,20.000000,0.000000,0.000000
2014-10-28T16:27:58Z,39.649575,-79.960494,0.000000,33.064999,0.000000,0.000000
2014-10-28T16:29:02Z,39.649585,-79.960496,0.000000,20.000000,0.000000,0.000000
2014-10-28T16:30:03Z,39.649581,-79.960490,0.000000,20.000000,0.000000,0.000000
2014-10-28T16:31:05Z,39.649561,-79.960356,324.000000,4.000000,0.000000,0.000000
2014-10-28T16:32:09Z,39.649883,-79.960192,308.000000,16.000000,259.899994,1.291240
2014-10-28T16:33:15Z,39.649564,-79.960487,0.000000,20.000000,0.000000,0.000000
2014-10-28T16:34:20Z,39.649588,-79.960473,0.000000,20.000000,0.000000,0.000000
2014-10-28T16:35:21Z,39.649624,-79.967351,0.000000,1566.000000,0.000000,0.000000
2014-10-28T16:36:21Z,39.650898,-79.972175,0.000000,2397.000000,0.000000,0.000000
2014-10-28T16:37:23Z,39.647792,-79.956676,0.000000,2073.000000,0.000000,0.000000
2014-10-28T16:38:24Z,39.648071,-79.959601,0.000000,1566.000000,0.000000,0.000000
2014-10-28T16:39:28Z,39.647792,-79.956676,0.000000,2073.000000,0.000000,0.000000
2014-10-28T16:40:32Z,39.647792,-79.956676,0.000000,2073.000000,0.000000,0.000000
2014-10-28T16:41:33Z,39.654490,-79.963415,0.000000,1848.000000,0.000000,0.000000
2014-10-28T16:42:34Z,39.649345,-79.964425,0.000000,2073.000000,0.000000,0.000000
2014-10-28T16:43:39Z,39.647792,-79.956676,0.000000,2073.000000,0.000000,0.000000
2014-10-28T16:44:40Z,39.648071,-79.959601,0.000000,1566.000000,0.000000,0.000000
2014-10-28T16:45:40Z,39.650703,-79.963463,0.000000,1566.000000,0.000000,0.000000
2014-10-28T16:46:45Z,39.651880,-79.963932,0.000000,1946.000000,0.000000,0.000000
2014-10-28T16:47:54Z,39.651880,-79.963932,0.000000,1946.000000,0.000000,0.000000
2014-10-28T16:48:55Z,39.651880,-79.963932,0.000000,1946.000000,0.000000,0.000000
2014-10-28T16:49:58Z,39.651880,-79.963932,0.000000,1946.000000,0.000000,0.000000
2014-10-28T16:51:05Z,39.651880,-79.963932,0.000000,1946.000000,0.000000,0.000000
2014-10-28T16:52:05Z,39.651880,-79.963932,0.000000,1946.000000,0.000000,0.000000
2014-10-28T16:53:06Z,39.651462,-79.969327,0.000000,1946.000000,0.000000,0.000000
2014-10-28T16:54:12Z,39.651045,-79.974723,0.000000,2593.000000,0.000000,0.000000
2014-10-28T16:55:12Z,39.651045,-79.974723,0.000000,2593.000000,0.000000,0.000000
2014-10-28T16:56:13Z,39.651045,-79.974723,0.000000,2593.000000,0.000000,0.000000
2014-10-28T16:57:14Z,39.651045,-79.974723,0.000000,2593.000000,0.000000,0.000000
2014-10-28T16:58:17Z,39.651045,-79.974723,0.000000,2593.000000,0.000000,0.000000
2014-10-28T16:59:23Z,39.651045,-79.974723,0.000000,2593.000000,0.000000,0.000000
2014-10-28T17:00:24Z,39.632978,-79.978519,0.000000,2135.000000,0.000000,0.000000
2014-10-28T17:01:25Z,39.650886,-79.976168,0.000000,2686.000000,0.000000,0.000000
2014-10-28T17:02:26Z,39.637714,-79.995596,0.000000,2622.000000,0.000000,0.000000
2014-10-28T17:03:28Z,39.637714,-79.995596,0.000000,2622.000000,0.000000,0.000000
2014-10-28T17:04:30Z,39.637714,-79.995596,0.000000,2622.000000,0.000000,0.000000
2014-10-28T17:05:31Z,39.637714,-79.995596,0.000000,2622.000000,0.000000,0.000000
2014-10-28T17:06:35Z,39.637714,-79.995596,0.000000,2622.000000,0.000000,0.000000
2014-10-28T17:07:36Z,39.637714,-79.995596,0.000000,2622.000000,0.000000,0.000000
2014-10-28T17:08:37Z,39.637714,-79.995596,0.000000,2622.000000,0.000000,0.000000
2014-10-28T17:09:38Z,39.637714,-79.995596,0.000000,2622.000000,0.000000,0.000000
2014-10-28T17:10:39Z,39.640802,-79.959797,0.000000,2112.000000,0.000000,0.000000
2014-10-28T17:11:40Z,39.640802,-79.959797,0.000000,2112.000000,0.000000,0.000000
2014-10-28T17:12:41Z,39.640802,-79.959797,0.000000,2112.000000,0.000000,0.000000
2014-10-28T17:13:43Z,39.640802,-79.959797,0.000000,2112.000000,0.000000,0.000000
2014-10-28T17:14:46Z,39.640802,-79.959797,0.000000,2112.000000,0.000000,0.000000
2014-10-28T17:15:48Z,39.640802,-79.959797,0.000000,2112.000000,0.000000,0.000000
2014-10-28T17:16:49Z,39.640802,-79.959797,0.000000,2112.000000,0.000000,0.000000
2014-10-28T17:17:50Z,39.640802,-79.959797,0.000000,2112.000000,0.000000,0.000000
2014-10-28T17:18:52Z,39.640802,-79.959797,0.000000,2112.000000,0.000000,0.000000
2014-10-28T17:19:53Z,39.640802,-79.959797,0.000000,2112.000000,0.000000,0.000000
2014-10-28T17:20:54Z,39.640802,-79.959797,0.000000,2112.000000,0.000000,0.000000
2014-10-28T17:21:56Z,39.640802,-79.959797,0.000000,2112.000000,0.000000,0.000000
2014-10-28T17:22:56Z,39.640802,-79.959797,0.000000,2112.000000,0.000000,0.000000
2014-10-28T17:23:57Z,39.640802,-79.959797,0.000000,2112.000000,0.000000,0.000000
2014-10-28T17:24:57Z,39.640802,-79.959797,0.000000,2112.000000,0.000000,0.000000
2014-10-28T17:25:58Z,39.640802,-79.959797,0.000000,2112.000000,0.000000,0.000000
2014-10-28T17:26:59Z,39.640802,-79.959797,0.000000,2112.000000,0.000000,0.000000
2014-10-28T17:28:00Z,39.640802,-79.959797,0.000000,2112.000000,0.000000,0.000000
2014-10-28T17:29:01Z,39.640802,-79.959797,0.000000,2112.000000,0.000000,0.000000
2014-10-28T17:30:02Z,39.640802,-79.959797,0.000000,2112.000000,0.000000,0.000000
2014-10-28T17:31:03Z,39.640802,-79.959797,0.000000,2112.000000,0.000000,0.000000
2014-10-28T17:32:05Z,39.640802,-79.959797,0.000000,2112.000000,0.000000,0.000000
2014-10-28T17:33:06Z,39.640802,-79.959797,0.000000,2112.000000,0.000000,0.000000
2014-10-28T17:34:07Z,39.640802,-79.959797,0.000000,2112.000000,0.000000,0.000000
2014-10-28T17:35:08Z,39.640802,-79.959797,0.000000,2112.000000,0.000000,0.000000
2014-10-28T17:36:09Z,39.640802,-79.959797,0.000000,2112.000000,0.000000,0.000000
2014-10-28T17:37:11Z,39.640802,-79.959797,0.000000,2112.000000,0.000000,0.000000
2014-10-28T17:38:11Z,39.640802,-79.959797,0.000000,2112.000000,0.000000,0.000000
2014-10-28T17:39:12Z,39.640802,-79.959797,0.000000,2112.000000,0.000000,0.000000
2014-10-28T17:40:13Z,39.640802,-79.959797,0.000000,2112.000000,0.000000,0.000000
2014-10-28T17:41:18Z,39.640802,-79.959797,0.000000,2112.000000,0.000000,0.000000
2014-10-28T17:42:19Z,39.640802,-79.959797,0.000000,2112.000000,0.000000,0.000000
2014-10-28T17:43:20Z,39.640802,-79.959797,0.000000,2112.000000,0.000000,0.000000
2014-10-28T17:44:22Z,39.640802,-79.959797,0.000000,2112.000000,0.000000,0.000000
2014-10-28T17:45:24Z,39.640802,-79.959797,0.000000,2112.000000,0.000000,0.000000
2014-10-28T17:46:26Z,39.640802,-79.959797,0.000000,2112.000000,0.000000,0.000000
2014-10-28T17:47:30Z,39.640802,-79.959797,0.000000,2112.000000,0.000000,0.000000
2014-10-28T17:48:39Z,39.640802,-79.959797,0.000000,2112.000000,0.000000,0.000000
2014-10-28T17:49:40Z,39.640802,-79.959797,0.000000,2112.000000,0.000000,0.000000
2014-10-28T17:50:41Z,39.640802,-79.959797,0.000000,2112.000000,0.000000,0.000000
2014-10-28T17:51:43Z,39.640802,-79.959797,0.000000,2112.000000,0.000000,0.000000
2014-10-28T17:52:44Z,39.640802,-79.959797,0.000000,2112.000000,0.000000,0.000000
2014-10-28T17:53:45Z,39.640802,-79.959797,0.000000,2112.000000,0.000000,0.000000
2014-10-28T17:54:46Z,39.640802,-79.959797,0.000000,2112.000000,0.000000,0.000000
2014-10-28T17:55:47Z,39.640802,-79.959797,0.000000,2112.000000,0.000000,0.000000
2014-10-28T17:56:56Z,39.640802,-79.959797,0.000000,2112.000000,0.000000,0.000000
2014-10-28T17:57:57Z,39.640802,-79.959797,0.000000,2112.000000,0.000000,0.000000
2014-10-28T17:59:02Z,39.640802,-79.959797,0.000000,2112.000000,0.000000,0.000000
2014-10-28T18:00:03Z,39.640802,-79.959797,0.000000,2112.000000,0.000000,0.000000
2014-10-28T18:01:04Z,39.640802,-79.959797,0.000000,2112.000000,0.000000,0.000000
2014-10-28T18:02:04Z,39.640802,-79.959797,0.000000,2112.000000,0.000000,0.000000
2014-10-28T18:03:05Z,39.640802,-79.959797,0.000000,2112.000000,0.000000,0.000000
2014-10-28T18:04:05Z,39.640802,-79.959797,0.000000,2112.000000,0.000000,0.000000
2014-10-28T18:05:06Z,39.640802,-79.959797,0.000000,2112.000000,0.000000,0.000000
2014-10-28T18:06:06Z,39.640802,-79.959797,0.000000,2112.000000,0.000000,0.000000
2014-10-28T18:07:07Z,39.640802,-79.959797,0.000000,2112.000000,0.000000,0.000000
2014-10-28T18:08:08Z,39.640802,-79.959797,0.000000,2112.000000,0.000000,0.000000
2014-10-28T18:09:09Z,39.640802,-79.959797,0.000000,2112.000000,0.000000,0.000000
2014-10-28T18:10:10Z,39.640802,-79.959797,0.000000,2112.000000,0.000000,0.000000
2014-10-28T18:11:10Z,39.640802,-79.959797,0.000000,2112.000000,0.000000,0.000000
2014-10-28T18:12:11Z,39.640802,-79.959797,0.000000,2112.000000,0.000000,0.000000
2014-10-28T18:13:13Z,39.640802,-79.959797,0.000000,2112.000000,0.000000,0.000000
2014-10-28T18:14:14Z,39.640802,-79.959797,0.000000,2112.000000,0.000000,0.000000
2014-10-28T18:15:15Z,39.640802,-79.959797,0.000000,2112.000000,0.000000,0.000000
2014-10-28T18:16:17Z,39.640802,-79.959797,0.000000,2112.000000,0.000000,0.000000
2014-10-28T18:17:18Z,39.640802,-79.959797,0.000000,2112.000000,0.000000,0.000000
2014-10-28T18:18:19Z,39.640802,-79.959797,0.000000,2112.000000,0.000000,0.000000
2014-10-28T18:19:20Z,39.640802,-79.959797,0.000000,2112.000000,0.000000,0.000000
2014-10-28T18:20:56Z,39.640802,-79.959797,0.000000,2112.000000,0.000000,0.000000
2014-10-28T18:21:57Z,39.640802,-79.959797,0.000000,2112.000000,0.000000,0.000000
2014-10-28T18:22:58Z,39.640802,-79.959797,0.000000,2112.000000,0.000000,0.000000
2014-10-28T18:23:59Z,39.640802,-79.959797,0.000000,2112.000000,0.000000,0.000000
2014-10-28T18:25:00Z,39.640802,-79.959797,0.000000,2112.000000,0.000000,0.000000
2014-10-28T18:26:03Z,39.640802,-79.959797,0.000000,2112.000000,0.000000,0.000000
2014-10-28T18:27:04Z,39.640802,-79.959797,0.000000,2112.000000,0.000000,0.000000
2014-10-28T18:28:06Z,39.640802,-79.959797,0.000000,2112.000000,0.000000,0.000000
2014-10-28T18:29:06Z,39.640802,-79.959797,0.000000,2112.000000,0.000000,0.000000
2014-10-28T18:30:09Z,39.640802,-79.959797,0.000000,2112.000000,0.000000,0.000000
2014-10-28T18:31:09Z,39.640802,-79.959797,0.000000,2112.000000,0.000000,0.000000
2014-10-28T18:32:10Z,39.640802,-79.959797,0.000000,2112.000000,0.000000,0.000000
2014-10-28T18:33:11Z,39.640802,-79.959797,0.000000,2112.000000,0.000000,0.000000
2014-10-28T18:34:12Z,39.640802,-79.959797,0.000000,2112.000000,0.000000,0.000000
2014-10-28T18:35:14Z,39.640802,-79.959797,0.000000,2112.000000,0.000000,0.000000
2014-10-28T18:36:27Z,39.640802,-79.959797,0.000000,2112.000000,0.000000,0.000000
2014-10-28T18:37:29Z,39.640802,-79.959797,0.000000,2112.000000,0.000000,0.000000
2014-10-28T18:38:30Z,39.640802,-79.959797,0.000000,2112.000000,0.000000,0.000000
2014-10-28T18:39:32Z,39.640802,-79.959797,0.000000,2112.000000,0.000000,0.000000
2014-10-28T18:40:33Z,39.640802,-79.959797,0.000000,2112.000000,0.000000,0.000000
2014-10-28T18:41:34Z,39.640802,-79.959797,0.000000,2112.000000,0.000000,0.000000
2014-10-28T18:42:36Z,39.640802,-79.959797,0.000000,2112.000000,0.000000,0.000000
2014-10-28T18:43:36Z,39.640802,-79.959797,0.000000,2112.000000,0.000000,0.000000
2014-10-28T18:44:38Z,39.640802,-79.959797,0.000000,2112.000000,0.000000,0.000000
2014-10-28T18:45:40Z,39.640802,-79.959797,0.000000,2112.000000,0.000000,0.000000
2014-10-28T18:46:49Z,39.640802,-79.959797,0.000000,2112.000000,0.000000,0.000000
2014-10-28T18:47:49Z,39.640802,-79.959797,0.000000,2112.000000,0.000000,0.000000
2014-10-28T18:48:51Z,39.640802,-79.959797,0.000000,2112.000000,0.000000,0.000000
2014-10-28T18:49:58Z,39.640802,-79.959797,0.000000,2112.000000,0.000000,0.000000
2014-10-28T18:50:59Z,39.640802,-79.959797,0.000000,2112.000000,0.000000,0.000000
2014-10-28T18:52:00Z,39.640802,-79.959797,0.000000,2112.000000,0.000000,0.000000
2014-10-28T18:53:01Z,39.640802,-79.959797,0.000000,2112.000000,0.000000,0.000000
2014-10-28T18:54:02Z,39.640802,-79.959797,0.000000,2112.000000,0.000000,0.000000
2014-10-28T18:55:03Z,39.640802,-79.959797,0.000000,2112.000000,0.000000,0.000000
2014-10-28T18:56:13Z,39.640802,-79.959797,0.000000,2112.000000,0.000000,0.000000
2014-10-28T18:57:15Z,39.640802,-79.959797,0.000000,2112.000000,0.000000,0.000000
2014-10-28T18:58:15Z,39.640802,-79.959797,0.000000,2112.000000,0.000000,0.000000
2014-10-28T18:59:18Z,39.640802,-79.959797,0.000000,2112.000000,0.000000,0.000000
2014-10-28T19:00:19Z,39.640802,-79.959797,0.000000,2112.000000,0.000000,0.000000
2014-10-28T19:01:21Z,39.640802,-79.959797,0.000000,2112.000000,0.000000,0.000000
2014-10-28T19:02:21Z,39.637714,-79.995596,0.000000,2622.000000,0.000000,0.000000
2014-10-28T19:03:23Z,39.649868,-79.969778,0.000000,2002.000000,0.000000,0.000000
2014-10-28T19:04:25Z,39.637560,-79.959925,0.000000,2135.000000,0.000000,0.000000
2014-10-28T19:05:26Z,39.637560,-79.959925,0.000000,2135.000000,0.000000,0.000000
2014-10-28T19:06:27Z,39.637560,-79.959925,0.000000,2135.000000,0.000000,0.000000
2014-10-28T19:07:31Z,39.637560,-79.959925,0.000000,2135.000000,0.000000,0.000000
2014-10-28T19:08:33Z,39.637560,-79.959925,0.000000,2135.000000,0.000000,0.000000
2014-10-28T19:09:35Z,39.637560,-79.959925,0.000000,2135.000000,0.000000,0.000000
2014-10-28T19:10:36Z,39.637714,-79.995596,0.000000,2622.000000,0.000000,0.000000
2014-10-28T19:11:38Z,39.637714,-79.995596,0.000000,2622.000000,0.000000,0.000000
2014-10-28T19:12:40Z,39.637714,-79.995596,0.000000,2622.000000,0.000000,0.000000
2014-10-28T19:13:40Z,39.637714,-79.995596,0.000000,2622.000000,0.000000,0.000000
2014-10-28T19:14:41Z,39.637714,-79.995596,0.000000,2622.000000,0.000000,0.000000
2014-10-28T19:15:41Z,39.637714,-79.995596,0.000000,2622.000000,0.000000,0.000000
2014-10-28T19:16:43Z,39.637714,-79.995596,0.000000,2622.000000,0.000000,0.000000
2014-10-28T19:17:43Z,39.637714,-79.995596,0.000000,2622.000000,0.000000,0.000000
2014-10-28T19:18:44Z,39.637714,-79.995596,0.000000,2622.000000,0.000000,0.000000
2014-10-28T19:19:46Z,39.637714,-79.995596,0.000000,2622.000000,0.000000,0.000000
2014-10-28T19:20:46Z,39.637714,-79.995596,0.000000,2622.000000,0.000000,0.000000
2014-10-28T19:21:57Z,39.637714,-79.995596,0.000000,2622.000000,0.000000,0.000000
2014-10-28T19:22:58Z,39.637714,-79.995596,0.000000,2622.000000,0.000000,0.000000
2014-10-28T19:23:59Z,39.637714,-79.995596,0.000000,2622.000000,0.000000,0.000000
2014-10-28T19:25:00Z,39.637714,-79.995596,0.000000,2622.000000,0.000000,0.000000
2014-10-28T19:26:01Z,39.637714,-79.995596,0.000000,2622.000000,0.000000,0.000000
2014-10-28T19:27:02Z,39.637714,-79.995596,0.000000,2622.000000,0.000000,0.000000
2014-10-28T19:28:13Z,39.637714,-79.995596,0.000000,2622.000000,0.000000,0.000000
2014-10-28T19:29:14Z,39.637714,-79.995596,0.000000,2622.000000,0.000000,0.000000
2014-10-28T19:30:15Z,39.637714,-79.995596,0.000000,2622.000000,0.000000,0.000000
2014-10-28T19:31:23Z,39.637714,-79.995596,0.000000,2622.000000,0.000000,0.000000
2014-10-28T19:32:24Z,39.637714,-79.995596,0.000000,2622.000000,0.000000,0.000000
2014-10-28T19:33:25Z,39.637714,-79.995596,0.000000,2622.000000,0.000000,0.000000
2014-10-28T19:34:25Z,39.637714,-79.995596,0.000000,2622.000000,0.000000,0.000000
2014-10-28T19:35:25Z,39.637714,-79.995596,0.000000,2622.000000,0.000000,0.000000
2014-10-28T19:36:26Z,39.637714,-79.995596,0.000000,2622.000000,0.000000,0.000000
2014-10-28T19:37:27Z,39.637714,-79.995596,0.000000,2622.000000,0.000000,0.000000
2014-10-28T19:38:27Z,39.637714,-79.995596,0.000000,2622.000000,0.000000,0.000000
2014-10-28T19:39:33Z,39.637714,-79.995596,0.000000,2622.000000,0.000000,0.000000
2014-10-28T19:40:34Z,39.637714,-79.995596,0.000000,2622.000000,0.000000,0.000000
2014-10-28T19:41:40Z,39.637714,-79.995596,0.000000,2622.000000,0.000000,0.000000
2014-10-28T19:42:41Z,39.637714,-79.995596,0.000000,2622.000000,0.000000,0.000000
2014-10-28T19:43:41Z,39.637714,-79.995596,0.000000,2622.000000,0.000000,0.000000
2014-10-28T19:44:45Z,39.637714,-79.995596,0.000000,2622.000000,0.000000,0.000000
2014-10-28T19:45:46Z,39.637714,-79.995596,0.000000,2622.000000,0.000000,0.000000
2014-10-28T19:46:53Z,39.637714,-79.995596,0.000000,2622.000000,0.000000,0.000000
2014-10-28T19:47:54Z,39.637714,-79.995596,0.000000,2622.000000,0.000000,0.000000
2014-10-28T19:49:31Z,39.637714,-79.995596,0.000000,2622.000000,0.000000,0.000000
2014-10-28T19:50:45Z,39.637714,-79.995596,0.000000,2622.000000,0.000000,0.000000
2014-10-28T19:51:49Z,39.637714,-79.995596,0.000000,2622.000000,0.000000,0.000000
2014-10-28T19:52:50Z,39.637714,-79.995596,0.000000,2622.000000,0.000000,0.000000
2014-10-28T19:53:52Z,39.639258,-79.977697,0.000000,2112.000000,0.000000,0.000000
2014-10-28T19:54:59Z,39.640802,-79.959797,0.000000,2112.000000,0.000000,0.000000
2014-10-28T19:56:00Z,39.640802,-79.959797,0.000000,2112.000000,0.000000,0.000000
2014-10-28T19:57:01Z,39.640802,-79.959797,0.000000,2112.000000,0.000000,0.000000
2014-10-28T19:58:03Z,39.645650,-79.972240,0.000000,40.500000,0.000000,0.000000
2014-10-28T19:59:09Z,39.645858,-79.972559,0.000000,36.000000,0.000000,0.000000
2014-10-28T20:00:11Z,39.646049,-79.972932,0.000000,30.856001,0.000000,0.000000
2014-10-28T20:01:17Z,39.646122,-79.973039,0.000000,30.000000,0.000000,0.000000
2014-10-28T20:02:19Z,39.646088,-79.973025,0.000000,30.000000,0.000000,0.000000
2014-10-28T20:03:25Z,39.640802,-79.959797,0.000000,2112.000000,0.000000,0.000000
2014-10-28T20:04:27Z,39.645925,-79.973256,0.000000,24.000000,0.000000,0.000000
2014-10-28T20:05:29Z,39.645902,-79.973262,0.000000,20.000000,0.000000,0.000000
2014-10-28T20:06:34Z,39.645875,-79.973296,0.000000,25.000000,0.000000,0.000000
2014-10-28T20:07:36Z,39.646053,-79.972981,0.000000,39.542000,0.000000,0.000000
2014-10-28T20:08:42Z,39.646033,-79.972889,0.000000,30.000000,0.000000,0.000000
2014-10-28T20:09:47Z,39.646012,-79.972964,0.000000,44.435001,0.000000,0.000000
2014-10-28T20:10:52Z,39.646030,-79.972947,0.000000,30.000000,0.000000,0.000000
2014-10-28T20:11:57Z,39.646027,-79.972937,0.000000,30.000000,0.000000,0.000000
2014-10-28T20:13:03Z,39.650886,-79.976168,0.000000,2686.000000,0.000000,0.000000
2014-10-28T20:14:05Z,39.645824,-79.972702,0.000000,53.206001,0.000000,0.000000
2014-10-28T20:15:12Z,39.645722,-79.972366,0.000000,42.000000,0.000000,0.000000
2014-10-28T20:16:17Z,39.645718,-79.972390,0.000000,34.500000,0.000000,0.000000
2014-10-28T20:17:21Z,39.645586,-79.972208,0.000000,40.500000,0.000000,0.000000
2014-10-28T20:18:27Z,39.650886,-79.976168,0.000000,2686.000000,0.000000,0.000000
2014-10-28T20:19:32Z,39.645759,-79.972429,0.000000,24.000000,0.000000,0.000000
2014-10-28T20:20:37Z,39.645726,-79.972328,0.000000,40.500000,0.000000,0.000000
2014-10-28T20:21:42Z,39.645728,-79.972344,0.000000,37.500000,0.000000,0.000000
2014-10-28T20:22:47Z,39.645719,-79.972366,0.000000,37.500000,0.000000,0.000000
2014-10-28T20:23:52Z,39.645726,-79.972319,0.000000,39.000000,0.000000,0.000000
2014-10-28T20:24:57Z,39.645730,-79.972347,0.000000,37.500000,0.000000,0.000000
2014-10-28T20:26:11Z,39.650886,-79.976168,0.000000,2686.000000,0.000000,0.000000
2014-10-28T20:27:16Z,39.650886,-79.976168,0.000000,2686.000000,0.000000,0.000000
2014-10-28T20:28:22Z,39.650886,-79.976168,0.000000,2686.000000,0.000000,0.000000
2014-10-28T20:29:28Z,39.650886,-79.976168,0.000000,2686.000000,0.000000,0.000000
2014-10-28T20:30:33Z,39.650886,-79.976168,0.000000,2686.000000,0.000000,0.000000
2014-10-28T20:31:38Z,39.650886,-79.976168,0.000000,2686.000000,0.000000,0.000000
2014-10-28T20:32:44Z,39.645795,-79.972384,0.000000,34.500000,0.000000,0.000000
2014-10-28T20:33:50Z,39.645733,-79.972343,0.000000,42.000000,0.000000,0.000000
2014-10-28T20:34:55Z,39.645731,-79.972347,0.000000,37.500000,0.000000,0.000000
2014-10-28T20:36:10Z,39.645750,-79.972393,0.000000,34.500000,0.000000,0.000000
2014-10-28T20:37:16Z,39.645735,-79.972356,0.000000,36.000000,0.000000,0.000000
2014-10-28T20:38:22Z,39.645680,-79.972279,0.000000,39.000000,0.000000,0.000000
2014-10-28T20:39:26Z,39.645720,-79.972292,0.000000,39.000000,0.000000,0.000000
2014-10-28T20:40:31Z,39.645753,-79.972284,0.000000,48.000000,0.000000,0.000000
2014-10-28T20:41:36Z,39.645718,-79.972384,0.000000,30.000000,0.000000,0.000000
2014-10-28T20:42:41Z,39.645723,-79.972293,0.000000,43.500000,0.000000,0.000000
2014-10-28T20:43:47Z,39.645760,-79.972430,0.000000,27.000000,0.000000,0.000000
2014-10-28T20:44:53Z,39.650886,-79.976168,0.000000,2686.000000,0.000000,0.000000
2014-10-28T20:46:36Z,39.645732,-79.972352,0.000000,43.500000,0.000000,0.000000
2014-10-28T20:47:41Z,39.645684,-79.972313,0.000000,39.000000,0.000000,0.000000
2014-10-28T20:48:46Z,39.646087,-79.972919,0.000000,42.000000,0.000000,0.000000
2014-10-28T20:49:51Z,39.645760,-79.972429,0.000000,25.000000,0.000000,0.000000
2014-10-28T20:50:56Z,39.650886,-79.976168,0.000000,2686.000000,0.000000,0.000000
2014-10-28T20:52:01Z,39.650886,-79.976168,0.000000,2686.000000,0.000000,0.000000
2014-10-28T20:53:06Z,39.650886,-79.976168,0.000000,2686.000000,0.000000,0.000000
2014-10-28T20:54:11Z,39.645702,-79.972247,0.000000,43.500000,0.000000,0.000000
2014-10-28T20:55:21Z,39.650886,-79.976168,0.000000,2686.000000,0.000000,0.000000
2014-10-28T20:56:48Z,39.645717,-79.972305,0.000000,45.000000,0.000000,0.000000
2014-10-28T20:57:54Z,39.645760,-79.972430,0.000000,28.000000,0.000000,0.000000
2014-10-28T20:58:59Z,39.645731,-79.972463,0.000000,26.000000,0.000000,0.000000
2014-10-28T21:00:04Z,39.645728,-79.972288,0.000000,40.500000,0.000000,0.000000
2014-10-28T21:01:10Z,39.645760,-79.972429,0.000000,25.000000,0.000000,0.000000
2014-10-28T21:02:15Z,39.645759,-79.972429,0.000000,24.000000,0.000000,0.000000
2014-10-28T21:03:25Z,39.645751,-79.972322,0.000000,34.500000,0.000000,0.000000
2014-10-28T21:04:30Z,39.645744,-79.972437,0.000000,25.000000,0.000000,0.000000
2014-10-28T21:05:36Z,39.645742,-79.972388,0.000000,37.500000,0.000000,0.000000
2014-10-28T21:06:41Z,39.650886,-79.976168,0.000000,2686.000000,0.000000,0.000000
2014-10-28T21:07:46Z,39.645737,-79.972370,0.000000,33.000000,0.000000,0.000000
2014-10-28T21:08:50Z,39.645786,-79.972394,0.000000,37.500000,0.000000,0.000000
2014-10-28T21:09:58Z,39.645762,-79.972429,0.000000,27.000000,0.000000,0.000000
2014-10-28T21:11:07Z,39.645759,-79.972429,0.000000,24.000000,0.000000,0.000000
2014-10-28T21:12:12Z,39.645688,-79.972319,0.000000,45.000000,0.000000,0.000000
2014-10-28T21:13:27Z,39.645746,-79.972437,0.000000,22.000000,0.000000,0.000000
2014-10-28T21:14:33Z,39.645702,-79.972407,0.000000,34.500000,0.000000,0.000000
2014-10-28T21:15:38Z,39.645710,-79.972247,0.000000,42.000000,0.000000,0.000000
2014-10-28T21:16:52Z,39.645761,-79.972426,0.000000,20.000000,0.000000,0.000000
2014-10-28T21:18:05Z,39.645734,-79.972354,0.000000,36.000000,0.000000,0.000000
2014-10-28T21:19:10Z,39.645743,-79.972342,0.000000,36.000000,0.000000,0.000000
2014-10-28T21:20:17Z,39.645742,-79.972366,0.000000,34.500000,0.000000,0.000000
2014-10-28T21:21:22Z,39.645745,-79.972372,0.000000,34.500000,0.000000,0.000000
2014-10-28T21:22:27Z,39.645721,-79.972392,0.000000,36.000000,0.000000,0.000000
2014-10-28T21:23:32Z,39.645719,-79.972327,0.000000,39.000000,0.000000,0.000000
2014-10-28T21:24:39Z,39.645696,-79.972308,0.000000,45.000000,0.000000,0.000000
2014-10-28T21:25:43Z,39.645732,-79.972357,0.000000,36.000000,0.000000,0.000000
2014-10-28T21:26:48Z,39.645723,-79.972392,0.000000,36.000000,0.000000,0.000000
2014-10-28T21:27:53Z,39.645748,-79.972330,0.000000,42.000000,0.000000,0.000000
2014-10-28T21:28:58Z,39.645733,-79.972352,0.000000,37.500000,0.000000,0.000000
2014-10-28T21:30:03Z,39.645698,-79.972374,0.000000,34.500000,0.000000,0.000000
2014-10-28T21:31:07Z,39.645669,-79.972329,0.000000,42.000000,0.000000,0.000000
2014-10-28T21:32:17Z,39.645723,-79.972402,0.000000,31.500000,0.000000,0.000000
2014-10-28T21:33:23Z,39.645741,-79.972379,0.000000,39.000000,0.000000,0.000000
2014-10-28T21:34:29Z,39.645727,-79.972344,0.000000,36.000000,0.000000,0.000000
2014-10-28T21:35:35Z,39.645752,-79.972351,0.000000,36.000000,0.000000,0.000000
2014-10-28T21:36:39Z,39.645730,-79.972351,0.000000,36.000000,0.000000,0.000000
2014-10-28T21:37:46Z,39.645790,-79.972392,0.000000,31.500000,0.000000,0.000000
2014-10-28T21:38:51Z,39.645706,-79.972387,0.000000,39.000000,0.000000,0.000000
2014-10-28T21:39:58Z,39.645723,-79.972380,0.000000,39.000000,0.000000,0.000000
2014-10-28T21:41:03Z,39.645776,-79.972423,0.000000,25.000000,0.000000,0.000000
2014-10-28T21:42:08Z,39.645708,-79.972384,0.000000,40.500000,0.000000,0.000000
2014-10-28T21:43:13Z,39.645743,-79.972359,0.000000,36.000000,0.000000,0.000000
2014-10-28T21:44:18Z,39.645694,-79.972310,0.000000,40.500000,0.000000,0.000000
2014-10-28T21:45:24Z,39.645738,-79.972389,0.000000,40.500000,0.000000,0.000000
2014-10-28T21:46:29Z,39.645718,-79.972351,0.000000,42.000000,0.000000,0.000000
2014-10-28T21:47:55Z,39.645746,-79.972392,0.000000,36.000000,0.000000,0.000000
2014-10-28T21:48:56Z,39.637714,-79.995596,0.000000,2622.000000,0.000000,0.000000
2014-10-28T21:49:57Z,39.634258,-79.997765,0.000000,2622.000000,0.000000,0.000000
2014-10-28T21:50:57Z,39.637714,-79.995596,0.000000,2622.000000,0.000000,0.000000
2014-10-28T21:51:57Z,39.637714,-79.995596,0.000000,2622.000000,0.000000,0.000000
2014-10-28T21:52:58Z,39.637714,-79.995596,0.000000,2622.000000,0.000000,0.000000
2014-10-28T21:53:58Z,39.630801,-79.999934,0.000000,3264.000000,0.000000,0.000000
2014-10-28T21:54:59Z,39.634258,-79.997765,0.000000,2622.000000,0.000000,0.000000
2014-10-28T21:56:05Z,39.637560,-79.959925,0.000000,2135.000000,0.000000,0.000000
2014-10-28T21:57:05Z,39.637560,-79.959925,0.000000,2135.000000,0.000000,0.000000
2014-10-28T21:58:06Z,39.637560,-79.959925,0.000000,2135.000000,0.000000,0.000000
2014-10-28T21:59:08Z,39.637560,-79.959925,0.000000,2135.000000,0.000000,0.000000
2014-10-28T22:00:16Z,39.637560,-79.959925,0.000000,2135.000000,0.000000,0.000000
2014-10-28T22:01:19Z,39.637560,-79.959925,0.000000,2135.000000,0.000000,0.000000
2014-10-28T22:02:19Z,39.637560,-79.959925,0.000000,2135.000000,0.000000,0.000000
2014-10-28T22:03:27Z,39.637560,-79.959925,0.000000,2135.000000,0.000000,0.000000
2014-10-28T22:04:27Z,39.637560,-79.959925,0.000000,2135.000000,0.000000,0.000000
2014-10-28T22:05:28Z,39.637560,-79.959925,0.000000,2135.000000,0.000000,0.000000
2014-10-28T22:06:28Z,39.637560,-79.959925,0.000000,2135.000000,0.000000,0.000000
2014-10-28T22:07:36Z,39.637560,-79.959925,0.000000,2135.000000,0.000000,0.000000
2014-10-28T22:08:55Z,39.637560,-79.959925,0.000000,2135.000000,0.000000,0.000000
2014-10-28T22:09:58Z,39.637560,-79.959925,0.000000,2135.000000,0.000000,0.000000
2014-10-28T22:10:58Z,39.637560,-79.959925,0.000000,2135.000000,0.000000,0.000000
2014-10-28T22:11:58Z,39.637560,-79.959925,0.000000,2135.000000,0.000000,0.000000
2014-10-28T22:12:59Z,39.637560,-79.959925,0.000000,2135.000000,0.000000,0.000000
2014-10-28T22:13:59Z,39.637637,-79.977760,0.000000,2135.000000,0.000000,0.000000
2014-10-28T22:15:00Z,39.637714,-79.995596,0.000000,2622.000000,0.000000,0.000000
2014-10-28T22:16:01Z,39.637714,-79.995596,0.000000,2622.000000,0.000000,0.000000
2014-10-28T22:17:03Z,39.637714,-79.995596,0.000000,2622.000000,0.000000,0.000000
2014-10-28T22:18:05Z,39.637714,-79.995596,0.000000,2622.000000,0.000000,0.000000
2014-10-28T22:19:06Z,39.637714,-79.995596,0.000000,2622.000000,0.000000,0.000000
2014-10-28T22:20:07Z,39.637714,-79.995596,0.000000,2622.000000,0.000000,0.000000
2014-10-28T22:21:09Z,39.637714,-79.995596,0.000000,2622.000000,0.000000,0.000000
2014-10-28T22:22:11Z,39.637714,-79.995596,0.000000,2622.000000,0.000000,0.000000
2014-10-28T22:23:12Z,39.637714,-79.995596,0.000000,2622.000000,0.000000,0.000000
2014-10-28T22:24:14Z,39.637714,-79.995596,0.000000,2622.000000,0.000000,0.000000
2014-10-28T22:25:15Z,39.637714,-79.995596,0.000000,2622.000000,0.000000,0.000000
2014-10-28T22:26:16Z,39.637714,-79.995596,0.000000,2622.000000,0.000000,0.000000
2014-10-28T22:27:21Z,39.637714,-79.995596,0.000000,2622.000000,0.000000,0.000000
2014-10-28T22:28:23Z,39.637714,-79.995596,0.000000,2622.000000,0.000000,0.000000
2014-10-28T22:29:24Z,39.637714,-79.995596,0.000000,2622.000000,0.000000,0.000000
2014-10-28T22:30:25Z,39.637714,-79.995596,0.000000,2622.000000,0.000000,0.000000
2014-10-28T22:31:27Z,39.637714,-79.995596,0.000000,2622.000000,0.000000,0.000000
2014-10-28T22:32:28Z,39.637714,-79.995596,0.000000,2622.000000,0.000000,0.000000
2014-10-28T22:33:30Z,39.637714,-79.995596,0.000000,2622.000000,0.000000,0.000000
2014-10-28T22:34:31Z,39.637714,-79.995596,0.000000,2622.000000,0.000000,0.000000
2014-10-28T22:35:33Z,39.637714,-79.995596,0.000000,2622.000000,0.000000,0.000000
2014-10-28T22:36:34Z,39.637714,-79.995596,0.000000,2622.000000,0.000000,0.000000
2014-10-28T22:37:36Z,39.637714,-79.995596,0.000000,2622.000000,0.000000,0.000000
2014-10-28T22:38:37Z,39.637714,-79.995596,0.000000,2622.000000,0.000000,0.000000
2014-10-28T22:39:37Z,39.637714,-79.995596,0.000000,2622.000000,0.000000,0.000000
2014-10-28T22:40:38Z,39.637714,-79.995596,0.000000,2622.000000,0.000000,0.000000
2014-10-28T22:41:38Z,39.637714,-79.995596,0.000000,2622.000000,0.000000,0.000000
2014-10-28T22:42:42Z,39.637714,-79.995596,0.000000,2622.000000,0.000000,0.000000
2014-10-28T22:44:01Z,39.637714,-79.995596,0.000000,2622.000000,0.000000,0.000000
2014-10-28T22:45:03Z,39.637714,-79.995596,0.000000,2622.000000,0.000000,0.000000
2014-10-28T22:46:04Z,39.637714,-79.995596,0.000000,2622.000000,0.000000,0.000000
2014-10-28T22:47:04Z,39.637714,-79.995596,0.000000,2622.000000,0.000000,0.000000
2014-10-28T22:48:05Z,39.637714,-79.995596,0.000000,2622.000000,0.000000,0.000000
2014-10-28T22:49:13Z,39.637714,-79.995596,0.000000,2622.000000,0.000000,0.000000
2014-10-28T22:50:20Z,39.637714,-79.995596,0.000000,2622.000000,0.000000,0.000000
2014-10-28T22:51:30Z,39.637714,-79.995596,0.000000,2622.000000,0.000000,0.000000
2014-10-28T22:52:40Z,39.637714,-79.995596,0.000000,2622.000000,0.000000,0.000000
2014-10-28T22:53:41Z,39.637714,-79.995596,0.000000,2622.000000,0.000000,0.000000
2014-10-28T22:54:56Z,39.637714,-79.995596,0.000000,2622.000000,0.000000,0.000000
2014-10-28T22:55:56Z,39.637714,-79.995596,0.000000,2622.000000,0.000000,0.000000
2014-10-28T22:57:05Z,39.637714,-79.995596,0.000000,2622.000000,0.000000,0.000000
2014-10-28T22:58:06Z,39.637714,-79.995596,0.000000,2622.000000,0.000000,0.000000
2014-10-28T22:59:13Z,39.637714,-79.995596,0.000000,2622.000000,0.000000,0.000000
2014-10-28T23:00:41Z,39.637714,-79.995596,0.000000,2622.000000,0.000000,0.000000
2014-10-28T23:01:57Z,39.637714,-79.995596,0.000000,2622.000000,0.000000,0.000000
2014-10-28T23:02:58Z,39.637714,-79.995596,0.000000,2622.000000,0.000000,0.000000
2014-10-28T23:04:06Z,39.637714,-79.995596,0.000000,2622.000000,0.000000,0.000000
2014-10-28T23:05:10Z,39.637714,-79.995596,0.000000,2622.000000,0.000000,0.000000
2014-10-28T23:06:11Z,39.637714,-79.995596,0.000000,2622.000000,0.000000,0.000000
2014-10-28T23:07:12Z,39.637714,-79.995596,0.000000,2622.000000,0.000000,0.000000
2014-10-28T23:08:13Z,39.640802,-79.959797,0.000000,2112.000000,0.000000,0.000000
2014-10-28T23:09:19Z,39.640802,-79.959797,0.000000,2112.000000,0.000000,0.000000
2014-10-28T23:10:25Z,39.640802,-79.959797,0.000000,2112.000000,0.000000,0.000000
2014-10-28T23:11:25Z,39.640802,-79.959797,0.000000,2112.000000,0.000000,0.000000
2014-10-28T23:12:26Z,39.635269,-80.014140,0.000000,2890.000000,0.000000,0.000000
2014-10-28T23:13:26Z,39.637714,-79.995596,0.000000,2622.000000,0.000000,0.000000
2014-10-28T23:14:28Z,39.637714,-79.995596,0.000000,2622.000000,0.000000,0.000000
2014-10-28T23:15:29Z,39.637714,-79.995596,0.000000,2622.000000,0.000000,0.000000
2014-10-28T23:16:30Z,39.637714,-79.995596,0.000000,2622.000000,0.000000,0.000000
2014-10-28T23:17:32Z,39.637714,-79.995596,0.000000,2622.000000,0.000000,0.000000
2014-10-28T23:18:33Z,39.637714,-79.995596,0.000000,2622.000000,0.000000,0.000000
2014-10-28T23:19:34Z,39.637714,-79.995596,0.000000,2622.000000,0.000000,0.000000
2014-10-28T23:20:35Z,39.637714,-79.995596,0.000000,2622.000000,0.000000,0.000000
2014-10-28T23:21:37Z,39.637714,-79.995596,0.000000,2622.000000,0.000000,0.000000
2014-10-28T23:22:37Z,39.637714,-79.995596,0.000000,2622.000000,0.000000,0.000000
2014-10-28T23:23:39Z,39.637714,-79.995596,0.000000,2622.000000,0.000000,0.000000
2014-10-28T23:24:41Z,39.637714,-79.995596,0.000000,2622.000000,0.000000,0.000000
2014-10-28T23:25:43Z,39.637714,-79.995596,0.000000,2622.000000,0.000000,0.000000
2014-10-28T23:26:45Z,39.637714,-79.995596,0.000000,2622.000000,0.000000,0.000000
2014-10-28T23:27:46Z,39.637714,-79.995596,0.000000,2622.000000,0.000000,0.000000
2014-10-28T23:28:46Z,39.637714,-79.995596,0.000000,2622.000000,0.000000,0.000000
2014-10-28T23:29:49Z,39.637714,-79.995596,0.000000,2622.000000,0.000000,0.000000
2014-10-28T23:30:51Z,39.637714,-79.995596,0.000000,2622.000000,0.000000,0.000000
2014-10-28T23:31:52Z,39.635969,-79.992089,0.000000,2508.000000,0.000000,0.000000
2014-10-28T23:32:53Z,39.634224,-79.988582,0.000000,2508.000000,0.000000,0.000000
2014-10-28T23:33:54Z,39.640941,-79.986782,0.000000,2508.000000,0.000000,0.000000
2014-10-28T23:34:55Z,39.650886,-79.976168,0.000000,2686.000000,0.000000,0.000000
2014-10-28T23:35:56Z,39.650886,-79.976168,0.000000,2686.000000,0.000000,0.000000
2014-10-28T23:36:58Z,39.650886,-79.976168,0.000000,2686.000000,0.000000,0.000000
2014-10-28T23:38:05Z,39.650886,-79.976168,0.000000,2686.000000,0.000000,0.000000
2014-10-28T23:39:07Z,39.650939,-79.975686,0.000000,2593.000000,0.000000,0.000000
2014-10-28T23:40:09Z,39.637714,-79.995596,0.000000,2622.000000,0.000000,0.000000
2014-10-28T23:41:11Z,39.637714,-79.995596,0.000000,2622.000000,0.000000,0.000000
2014-10-28T23:42:13Z,39.637714,-79.995596,0.000000,2622.000000,0.000000,0.000000
2014-10-28T23:43:15Z,39.637714,-79.995596,0.000000,2622.000000,0.000000,0.000000
2014-10-28T23:44:15Z,39.637714,-79.995596,0.000000,2622.000000,0.000000,0.000000
2014-10-28T23:45:20Z,39.637714,-79.995596,0.000000,2622.000000,0.000000,0.000000
2014-10-28T23:46:21Z,39.637714,-79.995596,0.000000,2622.000000,0.000000,0.000000
2014-10-28T23:47:22Z,39.637714,-79.995596,0.000000,2622.000000,0.000000,0.000000
2014-10-28T23:48:22Z,39.637714,-79.995596,0.000000,2622.000000,0.000000,0.000000
2014-10-28T23:49:28Z,39.637714,-79.995596,0.000000,2622.000000,0.000000,0.000000
2014-10-28T23:50:29Z,39.637714,-79.995596,0.000000,2622.000000,0.000000,0.000000
2014-10-28T23:51:29Z,39.637714,-79.995596,0.000000,2622.000000,0.000000,0.000000
2014-10-28T23:52:29Z,39.637714,-79.995596,0.000000,2622.000000,0.000000,0.000000
2014-10-28T23:53:30Z,39.637714,-79.995596,0.000000,2622.000000,0.000000,0.000000
2014-10-28T23:54:33Z,39.637714,-79.995596,0.000000,2622.000000,0.000000,0.000000
2014-10-28T23:55:41Z,39.637714,-79.995596,0.000000,2622.000000,0.000000,0.000000
2014-10-29T00:11:53Z,39.637714,-79.995596,0.000000,2622.000000,0.000000,0.000000
2014-10-29T00:12:54Z,39.637714,-79.995596,0.000000,2622.000000,0.000000,0.000000
2014-10-29T03:37:54Z,39.649572,-79.960514,0.000000,20.000000,0.000000,0.000000
2014-10-29T03:38:59Z,39.649556,-79.960511,0.000000,20.000000,0.000000,0.000000
2014-10-29T03:40:03Z,39.649565,-79.960497,0.000000,20.000000,0.000000,0.000000
2014-10-29T03:41:06Z,39.649546,-79.960497,0.000000,20.000000,0.000000,0.000000
2014-10-29T03:42:07Z,39.649565,-79.960521,0.000000,20.000000,0.000000,0.000000
2014-10-29T03:43:10Z,39.649580,-79.960511,0.000000,20.000000,0.000000,0.000000
2014-10-29T03:44:14Z,39.649537,-79.960486,0.000000,20.000000,0.000000,0.000000
2014-10-29T03:45:17Z,39.649324,-79.960584,313.000000,9.000000,260.899994,2.782121
2014-10-29T03:46:21Z,39.649575,-79.960513,0.000000,20.000000,0.000000,0.000000
2014-10-29T03:47:25Z,39.649574,-79.960515,0.000000,20.000000,0.000000,0.000000
2014-10-29T03:48:29Z,39.649564,-79.960501,0.000000,20.000000,0.000000,0.000000
2014-10-29T03:49:33Z,39.649559,-79.960492,0.000000,20.000000,0.000000,0.000000
2014-10-29T03:50:37Z,39.649604,-79.960489,0.000000,20.000000,0.000000,0.000000
2014-10-29T03:51:41Z,39.649570,-79.960505,0.000000,20.000000,0.000000,0.000000
2014-10-29T03:52:44Z,39.649561,-79.960507,0.000000,20.000000,0.000000,0.000000
2014-10-29T03:53:48Z,39.649561,-79.960492,0.000000,20.000000,0.000000,0.000000
2014-10-29T03:54:52Z,39.649592,-79.960492,0.000000,20.000000,0.000000,0.000000
2014-10-29T03:55:56Z,39.649560,-79.960506,0.000000,20.000000,0.000000,0.000000
2014-10-29T03:57:00Z,39.649557,-79.960515,0.000000,20.000000,0.000000,0.000000
2014-10-29T03:58:01Z,39.649562,-79.960508,0.000000,20.000000,0.000000,0.000000
2014-10-29T03:59:03Z,39.649354,-79.960494,316.000000,8.000000,347.100006,0.970824
