time,lat,lon,elevation,accuracy,bearing,speed
2014-11-03T19:40:39Z,39.645273,-79.971378,0.000000,20.000000,0.000000,0.000000
2014-11-03T19:41:43Z,39.645400,-79.971367,0.000000,30.000000,0.000000,0.000000
2014-11-03T19:42:51Z,39.645396,-79.971366,0.000000,30.000000,0.000000,0.000000
2014-11-03T19:43:55Z,39.645410,-79.971385,0.000000,30.000000,0.000000,0.000000
2014-11-03T19:44:59Z,39.645279,-79.971397,0.000000,24.000000,0.000000,0.000000
2014-11-03T19:46:03Z,39.645377,-79.971402,0.000000,30.000000,0.000000,0.000000
2014-11-03T19:47:10Z,39.645434,-79.971363,0.000000,30.000000,0.000000,0.000000
2014-11-03T19:48:13Z,39.645370,-79.971377,0.000000,30.000000,0.000000,0.000000
2014-11-03T19:49:18Z,39.645425,-79.971347,0.000000,30.000000,0.000000,0.000000
2014-11-03T19:50:24Z,39.645272,-79.971388,0.000000,20.000000,0.000000,0.000000
2014-11-03T19:51:28Z,39.645391,-79.971374,0.000000,30.000000,0.000000,0.000000
2014-11-03T19:52:33Z,39.645274,-79.971371,0.000000,24.000000,0.000000,0.000000
2014-11-03T19:53:37Z,39.645279,-79.971410,0.000000,20.000000,0.000000,0.000000
2014-11-03T19:54:44Z,39.645272,-79.971413,0.000000,20.000000,0.000000,0.000000
2014-11-03T19:55:46Z,39.645283,-79.971398,0.000000,20.000000,0.000000,0.000000
2014-11-03T19:56:51Z,39.645264,-79.971423,0.000000,20.000000,0.000000,0.000000
2014-11-03T19:57:55Z,39.645263,-79.971422,0.000000,20.000000,0.000000,0.000000
2014-11-03T19:58:59Z,39.645273,-79.971406,0.000000,20.000000,0.000000,0.000000
2014-11-03T20:00:03Z,39.645271,-79.971391,0.000000,20.000000,0.000000,0.000000
2014-11-03T20:01:07Z,39.645261,-79.971400,0.000000,20.000000,0.000000,0.000000
2014-11-03T20:02:11Z,39.645269,-79.971385,0.000000,20.000000,0.000000,0.000000
2014-11-03T20:03:15Z,39.645286,-79.971404,0.000000,20.000000,0.000000,0.000000
2014-11-03T20:04:19Z,39.645272,-79.971400,0.000000,20.000000,0.000000,0.000000
2014-11-03T20:05:24Z,39.645272,-79.971413,0.000000,20.000000,0.000000,0.000000
2014-11-03T20:06:28Z,39.645287,-79.971399,0.000000,20.000000,0.000000,0.000000
2014-11-03T20:07:32Z,39.645269,-79.971382,0.000000,20.000000,0.000000,0.000000
2014-11-03T20:08:36Z,39.645274,-79.971398,0.000000,20.000000,0.000000,0.000000
2014-11-03T20:09:40Z,39.645278,-79.971391,0.000000,20.000000,0.000000,0.000000
2014-11-03T20:10:44Z,39.645273,-79.971402,0.000000,20.000000,0.000000,0.000000
2014-11-03T20:11:47Z,39.645259,-79.971399,0.000000,20.000000,0.000000,0.000000
2014-11-03T20:12:54Z,39.645276,-79.971399,0.000000,20.000000,0.000000,0.000000
2014-11-03T20:13:58Z,39.645291,-79.971411,0.000000,20.000000,0.000000,0.000000
2014-11-03T20:15:04Z,39.645275,-79.971397,0.000000,20.000000,0.000000,0.000000
2014-11-03T20:16:09Z,39.645271,-79.971390,0.000000,20.000000,0.000000,0.000000
2014-11-03T20:17:14Z,39.645287,-79.971407,0.000000,20.000000,0.000000,0.000000
2014-11-03T20:18:18Z,39.645272,-79.971401,0.000000,20.000000,0.000000,0.000000
2014-11-03T20:19:23Z,39.645253,-79.971394,0.000000,20.000000,0.000000,0.000000
2014-11-03T20:20:27Z,39.645319,-79.971429,0.000000,30.000000,0.000000,0.000000
2014-11-03T20:21:31Z,39.645277,-79.971424,0.000000,20.000000,0.000000,0.000000
2014-11-03T20:22:35Z,39.645275,-79.971422,0.000000,20.000000,0.000000,0.000000
2014-11-03T20:23:39Z,39.645284,-79.971417,0.000000,20.000000,0.000000,0.000000
2014-11-03T20:24:44Z,39.645287,-79.971388,0.000000,20.000000,0.000000,0.000000
2014-11-03T20:25:48Z,39.645278,-79.971393,0.000000,20.000000,0.000000,0.000000
2014-11-03T20:26:52Z,39.645338,-79.971404,0.000000,30.000000,0.000000,0.000000
2014-11-03T20:27:57Z,39.645280,-79.971405,0.000000,20.000000,0.000000,0.000000
2014-11-03T20:29:01Z,39.645341,-79.971394,0.000000,30.000000,0.000000,0.000000
2014-11-03T20:30:05Z,39.645279,-79.971409,0.000000,20.000000,0.000000,0.000000
2014-11-03T20:31:09Z,39.645320,-79.971396,0.000000,30.000000,0.000000,0.000000
2014-11-03T20:32:13Z,39.645280,-79.971412,0.000000,30.000000,0.000000,0.000000
2014-11-03T20:33:23Z,39.645320,-79.971407,0.000000,30.000000,0.000000,0.000000
2014-11-03T20:34:27Z,39.645337,-79.971412,0.000000,30.000000,0.000000,0.000000
2014-11-03T20:35:31Z,39.645332,-79.971424,0.000000,30.000000,0.000000,0.000000
2014-11-03T20:36:35Z,39.645332,-79.971399,0.000000,30.000000,0.000000,0.000000
2014-11-03T20:37:41Z,39.640782,-79.960051,0.000000,2130.000000,0.000000,0.000000
2014-11-03T20:38:46Z,39.645494,-79.971491,0.000000,38.594002,0.000000,0.000000
2014-11-03T20:39:51Z,39.645497,-79.971461,0.000000,25.174999,0.000000,0.000000
2014-11-03T20:40:56Z,39.645492,-79.971473,0.000000,37.945999,0.000000,0.000000
2014-11-03T20:42:00Z,39.645504,-79.971487,0.000000,39.284000,0.000000,0.000000
2014-11-03T20:43:05Z,39.645520,-79.971475,0.000000,40.379002,0.000000,0.000000
2014-11-03T20:44:09Z,39.645541,-79.971502,0.000000,30.000000,0.000000,0.000000
2014-11-03T20:45:13Z,39.645514,-79.971492,0.000000,30.000000,0.000000,0.000000
2014-11-03T20:46:22Z,39.645519,-79.971495,0.000000,27.976999,0.000000,0.000000
2014-11-03T20:47:26Z,39.645860,-79.971673,325.000000,11.000000,217.000000,1.074895
2014-11-03T20:48:44Z,39.645792,-79.971777,0.000000,36.000000,0.000000,0.000000
2014-11-03T20:49:45Z,39.645792,-79.972616,0.000000,30.000000,0.000000,0.000000
2014-11-03T20:50:49Z,39.640782,-79.960051,0.000000,2130.000000,0.000000,0.000000
2014-11-03T20:51:53Z,39.640782,-79.960051,0.000000,2130.000000,0.000000,0.000000
2014-11-03T20:52:58Z,39.645699,-79.972450,0.000000,26.000000,0.000000,0.000000
2014-11-03T20:54:03Z,39.645677,-79.972188,0.000000,40.500000,0.000000,0.000000
2014-11-03T20:55:07Z,39.645837,-79.972355,0.000000,40.500000,0.000000,0.000000
2014-11-03T20:56:11Z,39.645668,-79.972183,0.000000,42.000000,0.000000,0.000000
2014-11-03T20:57:29Z,39.645694,-79.972476,0.000000,26.000000,0.000000,0.000000
2014-11-03T20:58:33Z,39.645690,-79.972338,0.000000,39.000000,0.000000,0.000000
2014-11-03T20:59:37Z,39.645705,-79.972218,0.000000,42.000000,0.000000,0.000000
2014-11-03T21:00:41Z,39.645693,-79.972212,0.000000,43.500000,0.000000,0.000000
2014-11-03T21:01:46Z,39.645705,-79.972218,0.000000,42.000000,0.000000,0.000000
2014-11-03T21:02:50Z,39.645629,-79.972252,0.000000,42.000000,0.000000,0.000000
2014-11-03T21:04:13Z,39.645703,-79.972354,0.000000,39.000000,0.000000,0.000000
2014-11-03T21:05:18Z,39.645668,-79.972192,0.000000,34.500000,0.000000,0.000000
2014-11-03T21:06:23Z,39.645762,-79.972444,0.000000,43.500000,0.000000,0.000000
2014-11-03T21:07:27Z,39.645670,-79.972323,0.000000,39.000000,0.000000,0.000000
2014-11-03T21:08:31Z,39.645671,-79.972187,0.000000,40.500000,0.000000,0.000000
2014-11-03T21:09:35Z,39.645696,-79.972338,0.000000,40.500000,0.000000,0.000000
2014-11-03T21:10:39Z,39.645745,-79.972452,0.000000,39.000000,0.000000,0.000000
2014-11-03T21:11:44Z,39.645698,-79.972476,0.000000,22.000000,0.000000,0.000000
2014-11-03T21:12:48Z,39.645675,-79.972184,0.000000,40.500000,0.000000,0.000000
2014-11-03T21:13:52Z,39.645716,-79.972325,0.000000,37.500000,0.000000,0.000000
2014-11-03T21:14:56Z,39.645700,-79.972346,0.000000,40.500000,0.000000,0.000000
2014-11-03T21:16:00Z,39.645699,-79.972292,0.000000,43.500000,0.000000,0.000000
2014-11-03T21:17:05Z,39.645630,-79.972154,0.000000,36.000000,0.000000,0.000000
2014-11-03T21:18:09Z,39.645697,-79.972424,0.000000,27.000000,0.000000,0.000000
2014-11-03T21:19:27Z,39.645710,-79.972333,0.000000,37.500000,0.000000,0.000000
2014-11-03T21:20:32Z,39.645670,-79.972184,0.000000,40.500000,0.000000,0.000000
2014-11-03T21:21:37Z,39.640782,-79.960051,0.000000,2130.000000,0.000000,0.000000
2014-11-03T21:22:42Z,39.645688,-79.972279,0.000000,39.000000,0.000000,0.000000
2014-11-03T21:23:47Z,39.645677,-79.972186,0.000000,40.500000,0.000000,0.000000
2014-11-03T21:24:51Z,39.645691,-79.972323,0.000000,40.500000,0.000000,0.000000
2014-11-03T21:25:55Z,39.645625,-79.972306,0.000000,45.000000,0.000000,0.000000
2014-11-03T21:27:03Z,39.645702,-79.972317,0.000000,40.500000,0.000000,0.000000
2014-11-03T21:28:08Z,39.645698,-79.972458,0.000000,26.000000,0.000000,0.000000
2014-11-03T21:29:24Z,39.640782,-79.960051,0.000000,2130.000000,0.000000,0.000000
2014-11-03T21:30:29Z,39.645691,-79.972202,0.000000,37.500000,0.000000,0.000000
2014-11-03T21:31:33Z,39.645702,-79.972336,0.000000,45.000000,0.000000,0.000000
2014-11-03T21:32:37Z,39.645690,-79.972200,0.000000,42.000000,0.000000,0.000000
2014-11-03T21:33:41Z,39.640782,-79.960051,0.000000,2130.000000,0.000000,0.000000
2014-11-03T21:34:45Z,39.645694,-79.972476,0.000000,26.000000,0.000000,0.000000
2014-11-03T21:35:49Z,39.645701,-79.972450,0.000000,25.000000,0.000000,0.000000
2014-11-03T21:36:53Z,39.645753,-79.972383,0.000000,39.000000,0.000000,0.000000
2014-11-03T21:37:58Z,39.645698,-79.972462,0.000000,26.000000,0.000000,0.000000
2014-11-03T21:39:04Z,39.645837,-79.972355,0.000000,40.500000,0.000000,0.000000
2014-11-03T21:40:09Z,39.645703,-79.972330,0.000000,37.500000,0.000000,0.000000
2014-11-03T21:41:13Z,39.645701,-79.972464,0.000000,24.000000,0.000000,0.000000
2014-11-03T21:42:17Z,39.645694,-79.972481,0.000000,32.000000,0.000000,0.000000
2014-11-03T21:43:22Z,39.645691,-79.972340,0.000000,40.500000,0.000000,0.000000
2014-11-03T21:44:36Z,39.645678,-79.972285,0.000000,39.000000,0.000000,0.000000
2014-11-03T21:45:40Z,39.645699,-79.972346,0.000000,40.500000,0.000000,0.000000
2014-11-03T21:46:45Z,39.645694,-79.972346,0.000000,40.500000,0.000000,0.000000
2014-11-03T21:47:50Z,39.645701,-79.972472,0.000000,24.000000,0.000000,0.000000
2014-11-03T21:48:56Z,39.645669,-79.972188,0.000000,37.500000,0.000000,0.000000
2014-11-03T21:50:01Z,39.645688,-79.972305,0.000000,40.500000,0.000000,0.000000
2014-11-03T21:51:05Z,39.645917,-79.972942,0.000000,27.000000,0.000000,0.000000
2014-11-03T21:52:11Z,39.645697,-79.972422,0.000000,24.000000,0.000000,0.000000
2014-11-03T21:53:15Z,39.645865,-79.972605,0.000000,45.000000,0.000000,0.000000
2014-11-03T21:54:19Z,39.645728,-79.972360,0.000000,30.000000,0.000000,0.000000
2014-11-03T21:55:28Z,39.645728,-79.972464,0.000000,38.271999,0.000000,0.000000
2014-11-03T21:56:35Z,39.640782,-79.960051,0.000000,2130.000000,0.000000,0.000000
2014-11-03T21:57:38Z,39.646113,-79.972980,314.000000,5.000000,203.399994,0.839345
2014-11-03T21:58:42Z,39.645837,-79.973378,0.000000,38.396999,0.000000,0.000000
2014-11-03T21:59:46Z,39.646158,-79.973159,0.000000,39.000000,0.000000,0.000000
2014-11-03T22:00:51Z,39.650919,-79.976143,0.000000,2686.000000,0.000000,0.000000
2014-11-03T22:01:58Z,39.650919,-79.976143,0.000000,2686.000000,0.000000,0.000000
2014-11-03T22:03:02Z,39.645928,-79.972749,0.000000,43.500000,0.000000,0.000000
2014-11-03T22:04:06Z,39.645713,-79.972281,0.000000,66.995003,0.000000,0.000000
2014-11-03T22:05:10Z,39.645722,-79.972275,0.000000,87.970001,0.000000,0.000000
2014-11-03T22:06:14Z,39.645701,-79.972270,0.000000,67.901001,0.000000,0.000000
2014-11-03T22:07:18Z,39.645694,-79.972250,0.000000,69.406998,0.000000,0.000000
2014-11-03T22:08:23Z,39.645708,-79.972267,0.000000,88.624001,0.000000,0.000000
2014-11-03T22:09:28Z,39.645694,-79.972257,0.000000,68.920998,0.000000,0.000000
2014-11-03T22:10:32Z,39.645688,-79.972254,0.000000,69.249001,0.000000,0.000000
2014-11-03T22:11:36Z,39.645694,-79.972258,0.000000,68.834000,0.000000,0.000000
2014-11-03T22:12:40Z,39.645701,-79.972275,0.000000,67.553001,0.000000,0.000000
2014-11-03T22:13:45Z,39.645697,-79.972263,0.000000,68.450996,0.000000,0.000000
2014-11-03T22:14:49Z,39.645697,-79.972264,0.000000,68.357002,0.000000,0.000000
2014-11-03T22:15:54Z,39.645721,-79.972267,0.000000,88.551003,0.000000,0.000000
2014-11-03T22:16:58Z,39.645724,-79.972308,0.000000,64.959000,0.000000,0.000000
2014-11-03T22:18:02Z,39.645712,-79.972294,0.000000,66.052002,0.000000,0.000000
2014-11-03T22:19:09Z,39.645702,-79.972294,0.000000,86.720001,0.000000,0.000000
2014-11-03T22:20:13Z,39.645723,-79.972312,0.000000,64.678001,0.000000,0.000000
2014-11-03T22:21:17Z,39.645692,-79.972260,0.000000,68.777000,0.000000,0.000000
2014-11-03T22:22:21Z,39.645720,-79.972282,0.000000,87.454002,0.000000,0.000000
2014-11-03T22:23:26Z,39.645710,-79.972294,0.000000,66.061996,0.000000,0.000000
2014-11-03T22:24:30Z,39.645693,-79.972250,0.000000,69.459999,0.000000,0.000000
2014-11-03T22:25:34Z,39.645712,-79.972288,0.000000,66.496002,0.000000,0.000000
2014-11-03T22:26:34Z,39.645709,-79.972260,0.000000,89.070000,0.000000,0.000000
2014-11-03T22:27:38Z,39.645691,-79.972258,0.000000,68.921997,0.000000,0.000000
2014-11-03T22:28:42Z,39.645701,-79.972266,0.000000,68.194000,0.000000,0.000000
2014-11-03T22:29:46Z,39.645720,-79.972271,0.000000,88.289001,0.000000,0.000000
2014-11-03T22:31:09Z,39.645691,-79.972256,0.000000,69.016998,0.000000,0.000000
2014-11-03T22:32:14Z,39.645707,-79.972285,0.000000,66.752998,0.000000,0.000000
2014-11-03T22:33:18Z,39.645709,-79.972285,0.000000,66.759003,0.000000,0.000000
2014-11-03T22:34:23Z,39.645698,-79.972268,0.000000,68.098000,0.000000,0.000000
2014-11-03T22:35:27Z,39.645717,-79.972267,0.000000,88.584999,0.000000,0.000000
2014-11-03T22:36:32Z,39.645713,-79.972268,0.000000,88.518997,0.000000,0.000000
2014-11-03T22:37:36Z,39.645702,-79.972282,0.000000,67.043999,0.000000,0.000000
2014-11-03T22:38:44Z,39.645683,-79.972255,0.000000,69.227997,0.000000,0.000000
2014-11-03T22:39:49Z,39.645685,-79.972251,0.000000,69.482002,0.000000,0.000000
2014-11-03T22:41:08Z,39.645731,-79.972318,0.000000,84.882004,0.000000,0.000000
2014-11-03T22:42:33Z,39.645723,-79.972283,0.000000,66.696999,0.000000,0.000000
2014-11-03T22:43:37Z,39.645708,-79.972294,0.000000,86.680000,0.000000,0.000000
2014-11-03T22:44:41Z,39.645725,-79.972278,0.000000,67.060997,0.000000,0.000000
2014-11-03T22:45:46Z,39.645718,-79.972270,0.000000,67.719002,0.000000,0.000000
2014-11-03T22:46:50Z,39.645707,-79.972280,0.000000,87.683998,0.000000,0.000000
2014-11-03T22:47:54Z,39.645717,-79.972280,0.000000,66.980003,0.000000,0.000000
2014-11-03T22:49:13Z,39.645688,-79.972241,0.000000,70.157997,0.000000,0.000000
2014-11-03T22:50:20Z,39.645705,-79.972257,0.000000,89.295998,0.000000,0.000000
2014-11-03T22:51:24Z,39.645689,-79.972253,0.000000,69.281998,0.000000,0.000000
2014-11-03T22:52:28Z,39.645716,-79.972266,0.000000,88.651001,0.000000,0.000000
2014-11-03T22:53:32Z,39.645694,-79.972258,0.000000,68.862000,0.000000,0.000000
2014-11-03T22:54:37Z,39.645700,-79.972280,0.000000,87.728996,0.000000,0.000000
2014-11-03T22:55:41Z,39.645687,-79.972249,0.000000,69.575996,0.000000,0.000000
2014-11-03T22:56:51Z,39.645684,-79.972241,0.000000,70.214996,0.000000,0.000000
2014-11-03T22:57:56Z,39.645720,-79.972306,0.000000,85.793999,0.000000,0.000000
2014-11-03T22:59:00Z,39.645716,-79.972272,0.000000,88.172997,0.000000,0.000000
2014-11-03T23:00:04Z,39.645700,-79.972242,0.000000,69.911003,0.000000,0.000000
2014-11-03T23:01:13Z,39.645675,-79.972252,0.000000,69.567001,0.000000,0.000000
2014-11-03T23:02:24Z,39.645715,-79.972277,0.000000,67.250999,0.000000,0.000000
2014-11-03T23:03:28Z,39.646192,-79.973583,0.000000,30.000000,0.000000,0.000000
2014-11-03T23:04:34Z,39.637626,-79.995310,0.000000,2601.000000,0.000000,0.000000
2014-11-03T23:05:40Z,39.637626,-79.995310,0.000000,2601.000000,0.000000,0.000000
2014-11-03T23:06:53Z,39.645988,-79.972971,0.000000,54.292000,0.000000,0.000000
2014-11-03T23:07:58Z,39.650919,-79.976143,0.000000,2686.000000,0.000000,0.000000
2014-11-03T23:09:03Z,39.646424,-79.973213,0.000000,40.580002,0.000000,0.000000
2014-11-03T23:10:08Z,39.646406,-79.973229,0.000000,30.000000,0.000000,0.000000
2014-11-03T23:11:21Z,39.646419,-79.973217,0.000000,40.681999,0.000000,0.000000
2014-11-03T23:12:26Z,39.646404,-79.973201,0.000000,42.439999,0.000000,0.000000
2014-11-03T23:13:31Z,39.646405,-79.973174,0.000000,43.898998,0.000000,0.000000
2014-11-03T23:14:35Z,39.646414,-79.973211,0.000000,41.290001,0.000000,0.000000
2014-11-03T23:15:40Z,39.646543,-79.973485,0.000000,54.000000,0.000000,0.000000
2014-11-03T23:16:44Z,39.646552,-79.973547,0.000000,49.500000,0.000000,0.000000
2014-11-03T23:17:50Z,39.650919,-79.976143,0.000000,2686.000000,0.000000,0.000000
2014-11-03T23:18:55Z,39.646461,-79.973290,0.000000,39.000000,0.000000,0.000000
2014-11-03T23:20:01Z,39.650919,-79.976143,0.000000,2686.000000,0.000000,0.000000
2014-11-03T23:21:07Z,39.650919,-79.976143,0.000000,2686.000000,0.000000,0.000000
2014-11-03T23:22:12Z,39.650919,-79.976143,0.000000,2686.000000,0.000000,0.000000
2014-11-03T23:23:18Z,39.646450,-79.973203,0.000000,37.500000,0.000000,0.000000
2014-11-03T23:24:18Z,39.646473,-79.973169,0.000000,39.000000,0.000000,0.000000
2014-11-03T23:25:23Z,39.646417,-79.973140,0.000000,37.278000,0.000000,0.000000
2014-11-03T23:26:27Z,39.646410,-79.973071,0.000000,39.000000,0.000000,0.000000
2014-11-03T23:27:28Z,39.646404,-79.973116,0.000000,40.500000,0.000000,0.000000
2014-11-03T23:28:28Z,39.646427,-79.973165,0.000000,36.000000,0.000000,0.000000
2014-11-03T23:29:29Z,39.646421,-79.973068,0.000000,39.000000,0.000000,0.000000
2014-11-03T23:30:29Z,39.646397,-79.973098,0.000000,37.500000,0.000000,0.000000
2014-11-03T23:31:30Z,39.646493,-79.972967,0.000000,40.500000,0.000000,0.000000
2014-11-03T23:32:30Z,39.650919,-79.976143,0.000000,2686.000000,0.000000,0.000000
2014-11-03T23:33:41Z,39.646411,-79.973064,0.000000,40.500000,0.000000,0.000000
2014-11-03T23:34:45Z,39.646434,-79.973100,0.000000,34.500000,0.000000,0.000000
2014-11-03T23:35:50Z,39.646430,-79.973115,0.000000,39.000000,0.000000,0.000000
2014-11-03T23:36:59Z,39.646519,-79.973159,0.000000,33.305000,0.000000,0.000000
2014-11-03T23:38:03Z,39.646441,-79.973162,0.000000,42.608002,0.000000,0.000000
2014-11-03T23:39:08Z,39.646412,-79.973198,0.000000,30.000000,0.000000,0.000000
2014-11-03T23:40:12Z,39.646528,-79.973394,0.000000,37.500000,0.000000,0.000000
2014-11-03T23:41:21Z,39.646299,-79.973150,0.000000,30.000000,0.000000,0.000000
2014-11-03T23:42:26Z,39.646019,-79.973007,0.000000,51.203999,0.000000,0.000000
2014-11-03T23:43:29Z,39.645970,-79.972928,0.000000,24.784000,0.000000,0.000000
2014-11-03T23:44:33Z,39.645946,-79.972916,0.000000,59.098999,0.000000,0.000000
2014-11-03T23:45:34Z,39.645978,-79.972936,0.000000,56.941002,0.000000,0.000000
2014-11-03T23:46:38Z,39.645954,-79.972902,0.000000,25.531000,0.000000,0.000000
2014-11-03T23:47:44Z,39.645909,-79.972806,0.000000,30.149000,0.000000,0.000000
2014-11-03T23:48:48Z,39.645927,-79.972912,0.000000,23.731001,0.000000,0.000000
2014-11-03T23:49:53Z,39.645985,-79.972924,0.000000,25.791000,0.000000,0.000000
2014-11-03T23:50:57Z,39.640782,-79.960051,0.000000,2130.000000,0.000000,0.000000
2014-11-03T23:51:58Z,39.640782,-79.960051,0.000000,2130.000000,0.000000,0.000000
2014-11-03T23:53:00Z,39.640782,-79.960051,0.000000,2130.000000,0.000000,0.000000
2014-11-03T23:54:04Z,39.640782,-79.960051,0.000000,2130.000000,0.000000,0.000000
2014-11-03T23:55:04Z,39.637626,-79.995310,0.000000,2601.000000,0.000000,0.000000
2014-11-03T23:56:11Z,39.637626,-79.995310,0.000000,2601.000000,0.000000,0.000000
2014-11-03T23:57:11Z,39.637626,-79.995310,0.000000,2601.000000,0.000000,0.000000
2014-11-03T23:58:12Z,39.637626,-79.995310,0.000000,2601.000000,0.000000,0.000000
2014-11-03T23:59:12Z,39.637626,-79.995310,0.000000,2601.000000,0.000000,0.000000
2014-11-04T00:00:15Z,39.637626,-79.995310,0.000000,2601.000000,0.000000,0.000000
2014-11-04T00:01:21Z,39.637626,-79.995310,0.000000,2601.000000,0.000000,0.000000
2014-11-04T00:02:25Z,39.637626,-79.995310,0.000000,2601.000000,0.000000,0.000000
2014-11-04T00:03:32Z,39.637626,-79.995310,0.000000,2601.000000,0.000000,0.000000
2014-11-04T00:04:33Z,39.637626,-79.995310,0.000000,2601.000000,0.000000,0.000000
2014-11-04T00:05:33Z,39.637626,-79.995310,0.000000,2601.000000,0.000000,0.000000
2014-11-04T00:06:35Z,39.637626,-79.995310,0.000000,2601.000000,0.000000,0.000000
2014-11-04T00:07:35Z,39.637626,-79.995310,0.000000,2601.000000,0.000000,0.000000
2014-11-04T00:08:40Z,39.637626,-79.995310,0.000000,2601.000000,0.000000,0.000000
2014-11-04T00:09:40Z,39.637626,-79.995310,0.000000,2601.000000,0.000000,0.000000
2014-11-04T00:10:41Z,39.637626,-79.995310,0.000000,2601.000000,0.000000,0.000000
2014-11-04T00:11:47Z,39.637626,-79.995310,0.000000,2601.000000,0.000000,0.000000
2014-11-04T00:13:00Z,39.637626,-79.995310,0.000000,2601.000000,0.000000,0.000000
2014-11-04T00:14:05Z,39.637626,-79.995310,0.000000,2601.000000,0.000000,0.000000
2014-11-04T00:15:06Z,39.637626,-79.995310,0.000000,2601.000000,0.000000,0.000000
2014-11-04T00:16:12Z,39.637626,-79.995310,0.000000,2601.000000,0.000000,0.000000
2014-11-04T00:17:14Z,39.637626,-79.995310,0.000000,2601.000000,0.000000,0.000000
2014-11-04T00:18:20Z,39.637626,-79.995310,0.000000,2601.000000,0.000000,0.000000
2014-11-04T00:19:21Z,39.637626,-79.995310,0.000000,2601.000000,0.000000,0.000000
2014-11-04T00:20:22Z,39.637626,-79.995310,0.000000,2601.000000,0.000000,0.000000
2014-11-04T00:21:22Z,39.637626,-79.995310,0.000000,2601.000000,0.000000,0.000000
2014-11-04T00:22:22Z,39.637626,-79.995310,0.000000,2601.000000,0.000000,0.000000
2014-11-04T00:23:24Z,39.637626,-79.995310,0.000000,2601.000000,0.000000,0.000000
2014-11-04T00:24:25Z,39.637626,-79.995310,0.000000,2601.000000,0.000000,0.000000
2014-11-04T00:25:25Z,39.637626,-79.995310,0.000000,2601.000000,0.000000,0.000000
2014-11-04T00:26:25Z,39.637626,-79.995310,0.000000,2601.000000,0.000000,0.000000
2014-11-04T00:27:25Z,39.637626,-79.995310,0.000000,2601.000000,0.000000,0.000000
2014-11-04T00:28:25Z,39.637626,-79.995310,0.000000,2601.000000,0.000000,0.000000
2014-11-04T00:29:26Z,39.637626,-79.995310,0.000000,2601.000000,0.000000,0.000000
2014-11-04T00:30:27Z,39.637626,-79.995310,0.000000,2601.000000,0.000000,0.000000
2014-11-04T00:31:33Z,39.634210,-79.988665,0.000000,2508.000000,0.000000,0.000000
2014-11-04T00:32:34Z,39.634210,-79.988665,0.000000,2508.000000,0.000000,0.000000
2014-11-04T00:33:35Z,39.634210,-79.988665,0.000000,2508.000000,0.000000,0.000000
2014-11-04T00:34:35Z,39.634210,-79.988665,0.000000,2508.000000,0.000000,0.000000
2014-11-04T00:35:36Z,39.634210,-79.988665,0.000000,2508.000000,0.000000,0.000000
2014-11-04T00:36:36Z,39.634210,-79.988665,0.000000,2508.000000,0.000000,0.000000
2014-11-04T00:37:42Z,39.634210,-79.988665,0.000000,2508.000000,0.000000,0.000000
2014-11-04T00:38:42Z,39.634210,-79.988665,0.000000,2508.000000,0.000000,0.000000
2014-11-04T00:39:42Z,39.634210,-79.988665,0.000000,2508.000000,0.000000,0.000000
2014-11-04T00:40:44Z,39.634210,-79.988665,0.000000,2508.000000,0.000000,0.000000
2014-11-04T00:41:45Z,39.634210,-79.988665,0.000000,2508.000000,0.000000,0.000000
2014-11-04T00:42:58Z,39.634210,-79.988665,0.000000,2508.000000,0.000000,0.000000
2014-11-04T00:43:58Z,39.634210,-79.988665,0.000000,2508.000000,0.000000,0.000000
2014-11-04T00:44:58Z,39.634210,-79.988665,0.000000,2508.000000,0.000000,0.000000
2014-11-04T00:45:58Z,39.630598,-79.999587,0.000000,2601.000000,0.000000,0.000000
2014-11-04T00:46:59Z,39.634210,-79.988665,0.000000,2508.000000,0.000000,0.000000
2014-11-04T00:47:59Z,39.635918,-79.991988,0.000000,2508.000000,0.000000,0.000000
2014-11-04T00:49:07Z,39.637626,-79.995310,0.000000,2601.000000,0.000000,0.000000
2014-11-04T00:50:11Z,39.637626,-79.995310,0.000000,2601.000000,0.000000,0.000000
2014-11-04T00:51:11Z,39.637626,-79.995310,0.000000,2601.000000,0.000000,0.000000
2014-11-04T00:52:12Z,39.640782,-79.960051,0.000000,2130.000000,0.000000,0.000000
2014-11-04T00:53:12Z,39.640782,-79.960051,0.000000,2130.000000,0.000000,0.000000
2014-11-04T00:54:12Z,39.640782,-79.960051,0.000000,2130.000000,0.000000,0.000000
2014-11-04T00:55:13Z,39.640782,-79.960051,0.000000,2130.000000,0.000000,0.000000
2014-11-04T00:56:13Z,39.640782,-79.960051,0.000000,2130.000000,0.000000,0.000000
2014-11-04T00:57:14Z,39.640782,-79.960051,0.000000,2130.000000,0.000000,0.000000
2014-11-04T00:58:14Z,39.640782,-79.960051,0.000000,2130.000000,0.000000,0.000000
2014-11-04T00:59:14Z,39.640782,-79.960051,0.000000,2130.000000,0.000000,0.000000
2014-11-04T01:00:15Z,39.640782,-79.960051,0.000000,2130.000000,0.000000,0.000000
2014-11-04T01:01:16Z,39.640782,-79.960051,0.000000,2130.000000,0.000000,0.000000
2014-11-04T01:02:16Z,39.640782,-79.960051,0.000000,2130.000000,0.000000,0.000000
2014-11-04T01:03:16Z,39.640782,-79.960051,0.000000,2130.000000,0.000000,0.000000
2014-11-04T01:04:23Z,39.640782,-79.960051,0.000000,2130.000000,0.000000,0.000000
2014-11-04T01:05:24Z,39.640782,-79.960051,0.000000,2130.000000,0.000000,0.000000
2014-11-04T01:06:25Z,39.640782,-79.960051,0.000000,2130.000000,0.000000,0.000000
2014-11-04T01:07:26Z,39.640782,-79.960051,0.000000,2130.000000,0.000000,0.000000
2014-11-04T01:08:29Z,39.640782,-79.960051,0.000000,2130.000000,0.000000,0.000000
2014-11-04T01:09:30Z,39.640782,-79.960051,0.000000,2130.000000,0.000000,0.000000
2014-11-04T01:10:31Z,39.640782,-79.960051,0.000000,2130.000000,0.000000,0.000000
2014-11-04T01:11:31Z,39.640782,-79.960051,0.000000,2130.000000,0.000000,0.000000
2014-11-04T01:12:32Z,39.640782,-79.960051,0.000000,2130.000000,0.000000,0.000000
2014-11-04T01:13:32Z,39.640782,-79.960051,0.000000,2130.000000,0.000000,0.000000
2014-11-04T01:14:33Z,39.640782,-79.960051,0.000000,2130.000000,0.000000,0.000000
2014-11-04T01:15:33Z,39.640782,-79.960051,0.000000,2130.000000,0.000000,0.000000
2014-11-04T01:16:34Z,39.640782,-79.960051,0.000000,2130.000000,0.000000,0.000000
2014-11-04T01:17:35Z,39.640782,-79.960051,0.000000,2130.000000,0.000000,0.000000
2014-11-04T01:18:35Z,39.640782,-79.960051,0.000000,2130.000000,0.000000,0.000000
2014-11-04T01:20:11Z,39.640782,-79.960051,0.000000,2130.000000,0.000000,0.000000
2014-11-04T01:21:18Z,39.640782,-79.960051,0.000000,2130.000000,0.000000,0.000000
2014-11-04T01:22:19Z,39.640782,-79.960051,0.000000,2130.000000,0.000000,0.000000
2014-11-04T01:23:20Z,39.640782,-79.960051,0.000000,2130.000000,0.000000,0.000000
2014-11-04T01:24:25Z,39.640782,-79.960051,0.000000,2130.000000,0.000000,0.000000
2014-11-04T01:25:28Z,39.640782,-79.960051,0.000000,2130.000000,0.000000,0.000000
2014-11-04T01:26:29Z,39.640782,-79.960051,0.000000,2130.000000,0.000000,0.000000
2014-11-04T01:27:29Z,39.640782,-79.960051,0.000000,2130.000000,0.000000,0.000000
2014-11-04T01:28:29Z,39.640782,-79.960051,0.000000,2130.000000,0.000000,0.000000
2014-11-04T01:29:30Z,39.640782,-79.960051,0.000000,2130.000000,0.000000,0.000000
2014-11-04T01:30:30Z,39.639204,-79.977681,0.000000,2130.000000,0.000000,0.000000
2014-11-04T01:31:30Z,39.636704,-79.984880,0.000000,2224.000000,0.000000,0.000000
2014-11-04T01:32:30Z,39.637626,-79.995310,0.000000,2601.000000,0.000000,0.000000
2014-11-04T01:33:31Z,39.633113,-79.995998,0.000000,2601.000000,0.000000,0.000000
2014-11-04T01:34:31Z,39.623569,-80.003863,0.000000,3324.000000,0.000000,0.000000
2014-11-04T01:35:31Z,39.623569,-80.003863,0.000000,3324.000000,0.000000,0.000000
2014-11-04T01:36:32Z,39.623569,-80.003863,0.000000,3324.000000,0.000000,0.000000
2014-11-04T01:37:37Z,39.623569,-80.003863,0.000000,3324.000000,0.000000,0.000000
2014-11-04T01:38:37Z,39.630598,-79.999587,0.000000,2601.000000,0.000000,0.000000
2014-11-04T01:39:38Z,39.637626,-79.995310,0.000000,2601.000000,0.000000,0.000000
2014-11-04T01:40:50Z,39.637626,-79.995310,0.000000,2601.000000,0.000000,0.000000
2014-11-04T01:41:53Z,39.637626,-79.995310,0.000000,2601.000000,0.000000,0.000000
2014-11-04T01:42:53Z,39.637626,-79.995310,0.000000,2601.000000,0.000000,0.000000
2014-11-04T01:43:54Z,39.637626,-79.995310,0.000000,2601.000000,0.000000,0.000000
2014-11-04T01:44:55Z,39.637626,-79.995310,0.000000,2601.000000,0.000000,0.000000
2014-11-04T01:46:03Z,39.637626,-79.995310,0.000000,2601.000000,0.000000,0.000000
2014-11-04T01:47:03Z,39.637626,-79.995310,0.000000,2601.000000,0.000000,0.000000
2014-11-04T01:48:04Z,39.637626,-79.995310,0.000000,2601.000000,0.000000,0.000000
2014-11-04T01:49:05Z,39.637626,-79.995310,0.000000,2601.000000,0.000000,0.000000
2014-11-04T01:50:06Z,39.637626,-79.995310,0.000000,2601.000000,0.000000,0.000000
2014-11-04T01:51:06Z,39.637626,-79.995310,0.000000,2601.000000,0.000000,0.000000
2014-11-04T01:52:30Z,39.637626,-79.995310,0.000000,2601.000000,0.000000,0.000000
2014-11-04T01:53:30Z,39.637626,-79.995310,0.000000,2601.000000,0.000000,0.000000
2014-11-04T01:54:31Z,39.637626,-79.995310,0.000000,2601.000000,0.000000,0.000000
2014-11-04T01:55:32Z,39.637626,-79.995310,0.000000,2601.000000,0.000000,0.000000
2014-11-04T01:56:32Z,39.637626,-79.995310,0.000000,2601.000000,0.000000,0.000000
2014-11-04T01:57:32Z,39.637626,-79.995310,0.000000,2601.000000,0.000000,0.000000
2014-11-04T01:58:32Z,39.637626,-79.995310,0.000000,2601.000000,0.000000,0.000000
2014-11-04T01:59:32Z,39.637626,-79.995310,0.000000,2601.000000,0.000000,0.000000
2014-11-04T02:00:39Z,39.637626,-79.995310,0.000000,2601.000000,0.000000,0.000000
2014-11-04T02:01:39Z,39.637626,-79.995310,0.000000,2601.000000,0.000000,0.000000
2014-11-04T02:02:39Z,39.637626,-79.995310,0.000000,2601.000000,0.000000,0.000000
2014-11-04T02:03:44Z,39.637626,-79.995310,0.000000,2601.000000,0.000000,0.000000
2014-11-04T02:04:44Z,39.637626,-79.995310,0.000000,2601.000000,0.000000,0.000000
2014-11-04T02:06:17Z,39.637626,-79.995310,0.000000,2601.000000,0.000000,0.000000
2014-11-04T02:07:28Z,39.637626,-79.995310,0.000000,2601.000000,0.000000,0.000000
2014-11-04T02:08:29Z,39.637626,-79.995310,0.000000,2601.000000,0.000000,0.000000
2014-11-04T02:10:09Z,39.637626,-79.995310,0.000000,2601.000000,0.000000,0.000000
2014-11-04T02:11:18Z,39.637626,-79.995310,0.000000,2601.000000,0.000000,0.000000
2014-11-04T02:12:18Z,39.640782,-79.960051,0.000000,2130.000000,0.000000,0.000000
2014-11-04T02:13:19Z,39.640782,-79.960051,0.000000,2130.000000,0.000000,0.000000
2014-11-04T02:14:19Z,39.640782,-79.960051,0.000000,2130.000000,0.000000,0.000000
2014-11-04T02:15:19Z,39.640782,-79.960051,0.000000,2130.000000,0.000000,0.000000
2014-11-04T02:16:20Z,39.640782,-79.960051,0.000000,2130.000000,0.000000,0.000000
2014-11-04T02:17:20Z,39.640782,-79.960051,0.000000,2130.000000,0.000000,0.000000
2014-11-04T02:18:20Z,39.640782,-79.960051,0.000000,2130.000000,0.000000,0.000000
2014-11-04T02:19:20Z,39.640782,-79.960051,0.000000,2130.000000,0.000000,0.000000
2014-11-04T02:20:44Z,39.640782,-79.960051,0.000000,2130.000000,0.000000,0.000000
2014-11-04T02:21:44Z,39.640782,-79.960051,0.000000,2130.000000,0.000000,0.000000
2014-11-04T02:23:22Z,39.640782,-79.960051,0.000000,2130.000000,0.000000,0.000000
2014-11-04T02:25:00Z,39.640782,-79.960051,0.000000,2130.000000,0.000000,0.000000
2014-11-04T02:26:17Z,39.640782,-79.960051,0.000000,2130.000000,0.000000,0.000000
2014-11-04T02:27:29Z,39.640782,-79.960051,0.000000,2130.000000,0.000000,0.000000
2014-11-04T02:28:51Z,39.640782,-79.960051,0.000000,2130.000000,0.000000,0.000000
2014-11-04T02:30:18Z,39.640782,-79.960051,0.000000,2130.000000,0.000000,0.000000
2014-11-04T02:31:22Z,39.640782,-79.960051,0.000000,2130.000000,0.000000,0.000000
2014-11-04T02:32:23Z,39.640782,-79.960051,0.000000,2130.000000,0.000000,0.000000
2014-11-04T02:33:32Z,39.640782,-79.960051,0.000000,2130.000000,0.000000,0.000000
2014-11-04T02:34:49Z,39.640782,-79.960051,0.000000,2130.000000,0.000000,0.000000
2014-11-04T02:36:17Z,39.640782,-79.960051,0.000000,2130.000000,0.000000,0.000000
2014-11-04T02:37:23Z,39.640782,-79.960051,0.000000,2130.000000,0.000000,0.000000
2014-11-04T02:38:50Z,39.640782,-79.960051,0.000000,2130.000000,0.000000,0.000000
2014-11-04T02:40:19Z,39.640782,-79.960051,0.000000,2130.000000,0.000000,0.000000
2014-11-04T02:41:20Z,39.640782,-79.960051,0.000000,2130.000000,0.000000,0.000000
2014-11-04T02:42:20Z,39.640782,-79.960051,0.000000,2130.000000,0.000000,0.000000
2014-11-04T02:43:50Z,39.640782,-79.960051,0.000000,2130.000000,0.000000,0.000000
2014-11-04T02:44:50Z,39.640782,-79.960051,0.000000,2130.000000,0.000000,0.000000
2014-11-04T02:46:17Z,39.640782,-79.960051,0.000000,2130.000000,0.000000,0.000000
2014-11-04T02:47:18Z,39.645915,-79.967429,0.000000,2130.000000,0.000000,0.000000
2014-11-04T02:48:22Z,39.653089,-79.981361,0.000000,2494.000000,0.000000,0.000000
2014-11-04T02:49:22Z,39.655628,-79.989262,0.000000,2494.000000,0.000000,0.000000
2014-11-04T02:50:53Z,39.655628,-79.989262,0.000000,2494.000000,0.000000,0.000000
2014-11-04T02:51:55Z,39.655628,-79.989262,0.000000,2494.000000,0.000000,0.000000
2014-11-04T02:52:55Z,39.655628,-79.989262,0.000000,2494.000000,0.000000,0.000000
2014-11-04T02:54:22Z,39.655628,-79.989262,0.000000,2494.000000,0.000000,0.000000
2014-11-04T02:55:22Z,39.655628,-79.989262,0.000000,2494.000000,0.000000,0.000000
2014-11-04T02:56:23Z,39.655628,-79.989262,0.000000,2494.000000,0.000000,0.000000
2014-11-04T02:57:23Z,39.655628,-79.989262,0.000000,2494.000000,0.000000,0.000000
2014-11-04T02:58:24Z,39.646627,-79.992286,0.000000,2494.000000,0.000000,0.000000
2014-11-04T02:59:41Z,39.637626,-79.995310,0.000000,2601.000000,0.000000,0.000000
2014-11-04T03:00:55Z,39.637626,-79.995310,0.000000,2601.000000,0.000000,0.000000
2014-11-04T03:01:56Z,39.637626,-79.995310,0.000000,2601.000000,0.000000,0.000000
2014-11-04T03:03:09Z,39.637626,-79.995310,0.000000,2601.000000,0.000000,0.000000
2014-11-04T03:04:22Z,39.637626,-79.995310,0.000000,2601.000000,0.000000,0.000000
2014-11-04T03:05:33Z,39.637626,-79.995310,0.000000,2601.000000,0.000000,0.000000
2014-11-04T03:06:34Z,39.637626,-79.995310,0.000000,2601.000000,0.000000,0.000000
2014-11-04T03:08:07Z,39.637626,-79.995310,0.000000,2601.000000,0.000000,0.000000
2014-11-04T03:09:20Z,39.637626,-79.995310,0.000000,2601.000000,0.000000,0.000000
2014-11-04T03:10:27Z,39.637626,-79.995310,0.000000,2601.000000,0.000000,0.000000
2014-11-04T03:11:28Z,39.637626,-79.995310,0.000000,2601.000000,0.000000,0.000000
2014-11-04T03:12:28Z,39.640782,-79.960051,0.000000,2130.000000,0.000000,0.000000
2014-11-04T03:13:33Z,39.640782,-79.960051,0.000000,2130.000000,0.000000,0.000000
2014-11-04T03:14:51Z,39.640782,-79.960051,0.000000,2130.000000,0.000000,0.000000
2014-11-04T03:15:51Z,39.640782,-79.960051,0.000000,2130.000000,0.000000,0.000000
2014-11-04T03:17:03Z,39.640782,-79.960051,0.000000,2130.000000,0.000000,0.000000
2014-11-04T03:18:03Z,39.640782,-79.960051,0.000000,2130.000000,0.000000,0.000000
2014-11-04T03:19:04Z,39.640782,-79.960051,0.000000,2130.000000,0.000000,0.000000
2014-11-04T03:20:15Z,39.640782,-79.960051,0.000000,2130.000000,0.000000,0.000000
2014-11-04T03:21:27Z,39.640782,-79.960051,0.000000,2130.000000,0.000000,0.000000
2014-11-04T03:22:27Z,39.640782,-79.960051,0.000000,2130.000000,0.000000,0.000000
2014-11-04T03:23:29Z,39.640782,-79.960051,0.000000,2130.000000,0.000000,0.000000
2014-11-04T03:24:29Z,39.640782,-79.960051,0.000000,2130.000000,0.000000,0.000000
2014-11-04T03:25:43Z,39.640782,-79.960051,0.000000,2130.000000,0.000000,0.000000
2014-11-04T03:26:48Z,39.640782,-79.960051,0.000000,2130.000000,0.000000,0.000000
2014-11-04T03:27:48Z,39.640782,-79.960051,0.000000,2130.000000,0.000000,0.000000
2014-11-04T03:28:49Z,39.640782,-79.960051,0.000000,2130.000000,0.000000,0.000000
2014-11-04T03:29:49Z,39.640782,-79.960051,0.000000,2130.000000,0.000000,0.000000
2014-11-04T03:30:49Z,39.640782,-79.960051,0.000000,2130.000000,0.000000,0.000000
2014-11-04T03:31:51Z,39.640782,-79.960051,0.000000,2130.000000,0.000000,0.000000
2014-11-04T03:33:01Z,39.640782,-79.960051,0.000000,2130.000000,0.000000,0.000000
2014-11-04T03:34:08Z,39.640782,-79.960051,0.000000,2130.000000,0.000000,0.000000
2014-11-04T03:35:10Z,39.640782,-79.960051,0.000000,2130.000000,0.000000,0.000000
2014-11-04T03:36:18Z,39.640782,-79.960051,0.000000,2130.000000,0.000000,0.000000
2014-11-04T03:37:18Z,39.640782,-79.960051,0.000000,2130.000000,0.000000,0.000000
2014-11-04T03:38:25Z,39.640782,-79.960051,0.000000,2130.000000,0.000000,0.000000
2014-11-04T03:39:25Z,39.640782,-79.960051,0.000000,2130.000000,0.000000,0.000000
2014-11-04T03:40:26Z,39.640782,-79.960051,0.000000,2130.000000,0.000000,0.000000
2014-11-04T03:41:26Z,39.640782,-79.960051,0.000000,2130.000000,0.000000,0.000000
2014-11-04T03:42:26Z,39.640782,-79.960051,0.000000,2130.000000,0.000000,0.000000
2014-11-04T03:43:32Z,39.640782,-79.960051,0.000000,2130.000000,0.000000,0.000000
2014-11-04T03:44:56Z,39.640782,-79.960051,0.000000,2130.000000,0.000000,0.000000
2014-11-04T03:45:57Z,39.640782,-79.960051,0.000000,2130.000000,0.000000,0.000000
2014-11-04T03:46:58Z,39.640782,-79.960051,0.000000,2130.000000,0.000000,0.000000
2014-11-04T03:47:58Z,39.640782,-79.960051,0.000000,2130.000000,0.000000,0.000000
2014-11-04T03:49:00Z,39.640782,-79.960051,0.000000,2130.000000,0.000000,0.000000
2014-11-04T03:50:00Z,39.640782,-79.960051,0.000000,2130.000000,0.000000,0.000000
2014-11-04T03:51:00Z,39.640782,-79.960051,0.000000,2130.000000,0.000000,0.000000
2014-11-04T03:52:05Z,39.640782,-79.960051,0.000000,2130.000000,0.000000,0.000000
2014-11-04T03:53:11Z,39.640782,-79.960051,0.000000,2130.000000,0.000000,0.000000
2014-11-04T03:54:20Z,39.640782,-79.960051,0.000000,2130.000000,0.000000,0.000000
2014-11-04T03:55:32Z,39.640782,-79.960051,0.000000,2130.000000,0.000000,0.000000
2014-11-04T03:56:37Z,39.640782,-79.960051,0.000000,2130.000000,0.000000,0.000000
2014-11-04T03:57:39Z,39.640782,-79.960051,0.000000,2130.000000,0.000000,0.000000
2014-11-04T03:58:50Z,39.640782,-79.960051,0.000000,2130.000000,0.000000,0.000000
2014-11-04T03:59:57Z,39.640782,-79.960051,0.000000,2130.000000,0.000000,0.000000
2014-11-04T04:01:04Z,39.640782,-79.960051,0.000000,2130.000000,0.000000,0.000000
2014-11-04T04:02:15Z,39.640782,-79.960051,0.000000,2130.000000,0.000000,0.000000
2014-11-04T04:03:15Z,39.640782,-79.960051,0.000000,2130.000000,0.000000,0.000000
2014-11-04T04:04:19Z,39.640782,-79.960051,0.000000,2130.000000,0.000000,0.000000
2014-11-04T04:05:19Z,39.640782,-79.960051,0.000000,2130.000000,0.000000,0.000000
2014-11-04T04:06:19Z,39.640782,-79.960051,0.000000,2130.000000,0.000000,0.000000
2014-11-04T04:07:20Z,39.640782,-79.960051,0.000000,2130.000000,0.000000,0.000000
2014-11-04T04:08:28Z,39.640782,-79.960051,0.000000,2130.000000,0.000000,0.000000
2014-11-04T04:09:34Z,39.640782,-79.960051,0.000000,2130.000000,0.000000,0.000000
2014-11-04T04:10:43Z,39.640782,-79.960051,0.000000,2130.000000,0.000000,0.000000
2014-11-04T04:11:45Z,39.640782,-79.960051,0.000000,2130.000000,0.000000,0.000000
2014-11-04T04:12:48Z,39.640782,-79.960051,0.000000,2130.000000,0.000000,0.000000
2014-11-04T04:13:58Z,39.640782,-79.960051,0.000000,2130.000000,0.000000,0.000000
2014-11-04T04:14:59Z,39.640782,-79.960051,0.000000,2130.000000,0.000000,0.000000
2014-11-04T04:16:05Z,39.640782,-79.960051,0.000000,2130.000000,0.000000,0.000000
2014-11-04T04:17:06Z,39.640782,-79.960051,0.000000,2130.000000,0.000000,0.000000
2014-11-04T04:18:06Z,39.640782,-79.960051,0.000000,2130.000000,0.000000,0.000000
2014-11-04T04:19:07Z,39.640782,-79.960051,0.000000,2130.000000,0.000000,0.000000
2014-11-04T04:20:08Z,39.640782,-79.960051,0.000000,2130.000000,0.000000,0.000000
2014-11-04T04:21:10Z,39.640782,-79.960051,0.000000,2130.000000,0.000000,0.000000
2014-11-04T04:22:27Z,39.640782,-79.960051,0.000000,2130.000000,0.000000,0.000000
2014-11-04T04:23:28Z,39.640782,-79.960051,0.000000,2130.000000,0.000000,0.000000
2014-11-04T04:24:28Z,39.640782,-79.960051,0.000000,2130.000000,0.000000,0.000000
2014-11-04T04:25:28Z,39.640782,-79.960051,0.000000,2130.000000,0.000000,0.000000
2014-11-04T04:26:28Z,39.640782,-79.960051,0.000000,2130.000000,0.000000,0.000000
2014-11-04T04:27:28Z,39.640782,-79.960051,0.000000,2130.000000,0.000000,0.000000
2014-11-04T04:29:03Z,39.640782,-79.960051,0.000000,2130.000000,0.000000,0.000000
2014-11-04T04:30:04Z,39.640782,-79.960051,0.000000,2130.000000,0.000000,0.000000
2014-11-04T04:31:05Z,39.640782,-79.960051,0.000000,2130.000000,0.000000,0.000000
2014-11-04T04:32:05Z,39.640782,-79.960051,0.000000,2130.000000,0.000000,0.000000
2014-11-04T04:33:08Z,39.640782,-79.960051,0.000000,2130.000000,0.000000,0.000000
2014-11-04T04:34:09Z,39.640782,-79.960051,0.000000,2130.000000,0.000000,0.000000
2014-11-04T04:35:09Z,39.640782,-79.960051,0.000000,2130.000000,0.000000,0.000000
2014-11-04T04:36:18Z,39.640782,-79.960051,0.000000,2130.000000,0.000000,0.000000
2014-11-04T04:37:18Z,39.640782,-79.960051,0.000000,2130.000000,0.000000,0.000000
2014-11-04T04:38:20Z,39.640782,-79.960051,0.000000,2130.000000,0.000000,0.000000
2014-11-04T04:39:51Z,39.640782,-79.960051,0.000000,2130.000000,0.000000,0.000000
2014-11-04T04:41:09Z,39.640782,-79.960051,0.000000,2130.000000,0.000000,0.000000
2014-11-04T04:42:35Z,39.640782,-79.960051,0.000000,2130.000000,0.000000,0.000000
2014-11-04T04:43:35Z,39.640782,-79.960051,0.000000,2130.000000,0.000000,0.000000
2014-11-04T04:44:36Z,39.640782,-79.960051,0.000000,2130.000000,0.000000,0.000000
2014-11-04T04:45:36Z,39.640782,-79.960051,0.000000,2130.000000,0.000000,0.000000
2014-11-04T04:46:37Z,39.640782,-79.960051,0.000000,2130.000000,0.000000,0.000000
2014-11-04T04:47:37Z,39.640782,-79.960051,0.000000,2130.000000,0.000000,0.000000
2014-11-04T04:48:38Z,39.640782,-79.960051,0.000000,2130.000000,0.000000,0.000000
2014-11-04T04:49:38Z,39.640782,-79.960051,0.000000,2130.000000,0.000000,0.000000
2014-11-04T04:50:39Z,39.640782,-79.960051,0.000000,2130.000000,0.000000,0.000000
2014-11-04T04:51:58Z,39.640782,-79.960051,0.000000,2130.000000,0.000000,0.000000
2014-11-04T04:53:12Z,39.640782,-79.960051,0.000000,2130.000000,0.000000,0.000000
2014-11-04T04:54:13Z,39.640782,-79.960051,0.000000,2130.000000,0.000000,0.000000
2014-11-04T04:55:14Z,39.640782,-79.960051,0.000000,2130.000000,0.000000,0.000000
2014-11-04T04:56:18Z,39.640782,-79.960051,0.000000,2130.000000,0.000000,0.000000
2014-11-04T04:57:18Z,39.640782,-79.960051,0.000000,2130.000000,0.000000,0.000000
2014-11-04T04:58:19Z,39.640782,-79.960051,0.000000,2130.000000,0.000000,0.000000
2014-11-04T04:59:19Z,39.640782,-79.960051,0.000000,2130.000000,0.000000,0.000000
