time,lat,lon,elevation,accuracy,bearing,speed
2014-10-31T04:00:29Z,39.621179,-79.976753,0.000000,2865.000000,0.000000,0.000000
2014-10-31T04:01:35Z,39.621179,-79.976753,0.000000,2865.000000,0.000000,0.000000
2014-10-31T04:02:40Z,39.621179,-79.976753,0.000000,2865.000000,0.000000,0.000000
2014-10-31T04:03:48Z,39.621179,-79.976753,0.000000,2865.000000,0.000000,0.000000
2014-10-31T04:04:53Z,39.637852,-79.995028,0.000000,2641.000000,0.000000,0.000000
2014-10-31T04:06:06Z,39.645520,-79.972382,290.000000,110.000000,0.000000,0.000000
2014-10-31T04:07:10Z,39.637852,-79.995028,0.000000,2641.000000,0.000000,0.000000
2014-10-31T04:08:16Z,39.637852,-79.995028,0.000000,2641.000000,0.000000,0.000000
2014-10-31T04:09:21Z,39.637852,-79.995028,0.000000,2641.000000,0.000000,0.000000
2014-10-31T04:10:26Z,39.637852,-79.995028,0.000000,2641.000000,0.000000,0.000000
2014-10-31T04:11:31Z,39.637852,-79.995028,0.000000,2641.000000,0.000000,0.000000
2014-10-31T04:12:36Z,39.637852,-79.995028,0.000000,2641.000000,0.000000,0.000000
2014-10-31T04:13:42Z,39.637852,-79.995028,0.000000,2641.000000,0.000000,0.000000
2014-10-31T04:15:01Z,39.637852,-79.995028,0.000000,2641.000000,0.000000,0.000000
2014-10-31T04:16:06Z,39.637852,-79.995028,0.000000,2641.000000,0.000000,0.000000
2014-10-31T04:17:13Z,39.637852,-79.995028,0.000000,2641.000000,0.000000,0.000000
2014-10-31T04:18:18Z,39.635524,-79.996709,0.000000,2641.000000,0.000000,0.000000
2014-10-31T04:19:23Z,39.637852,-79.995028,0.000000,2641.000000,0.000000,0.000000
2014-10-31T04:20:39Z,39.636109,-79.987403,0.000000,1247.000000,0.000000,0.000000
2014-10-31T04:21:51Z,39.634360,-79.997549,0.000000,2641.000000,0.000000,0.000000
2014-10-31T04:22:56Z,39.630867,-80.000070,0.000000,3258.000000,0.000000,0.000000
2014-10-31T04:24:02Z,39.635524,-79.996709,0.000000,2641.000000,0.000000,0.000000
2014-10-31T04:25:13Z,39.637852,-79.995028,0.000000,2641.000000,0.000000,0.000000
2014-10-31T04:26:31Z,39.637852,-79.995028,0.000000,2641.000000,0.000000,0.000000
2014-10-31T04:27:37Z,39.637852,-79.995028,0.000000,2641.000000,0.000000,0.000000
2014-10-31T04:28:42Z,39.637852,-79.995028,0.000000,2641.000000,0.000000,0.000000
2014-10-31T04:29:54Z,39.637852,-79.995028,0.000000,2641.000000,0.000000,0.000000
2014-10-31T04:31:00Z,39.637852,-79.995028,0.000000,2641.000000,0.000000,0.000000
2014-10-31T04:32:05Z,39.637852,-79.995028,0.000000,2641.000000,0.000000,0.000000
2014-10-31T04:33:10Z,39.637852,-79.995028,0.000000,2641.000000,0.000000,0.000000
2014-10-31T04:34:15Z,39.637852,-79.995028,0.000000,2641.000000,0.000000,0.000000
2014-10-31T04:35:21Z,39.637852,-79.995028,0.000000,2641.000000,0.000000,0.000000
2014-10-31T04:36:26Z,39.637852,-79.995028,0.000000,2641.000000,0.000000,0.000000
2014-10-31T04:37:31Z,39.637852,-79.995028,0.000000,2641.000000,0.000000,0.000000
2014-10-31T04:38:37Z,39.637852,-79.995028,0.000000,2641.000000,0.000000,0.000000
2014-10-31T04:39:43Z,39.637852,-79.995028,0.000000,2641.000000,0.000000,0.000000
2014-10-31T04:40:56Z,39.637852,-79.995028,0.000000,2641.000000,0.000000,0.000000
2014-10-31T04:42:02Z,39.645303,-79.972554,371.000000,35.000000,276.000000,1.924422
2014-10-31T04:43:07Z,39.640491,-79.960075,0.000000,2155.000000,0.000000,0.000000
2014-10-31T04:44:09Z,39.645918,-79.973494,339.000000,14.000000,276.000000,2.495376
2014-10-31T04:45:13Z,39.646582,-79.972951,324.000000,11.000000,276.000000,0.972522
2014-10-31T04:46:15Z,39.645935,-79.973079,349.000000,26.000000,276.000000,1.281327
2014-10-31T04:47:18Z,39.645997,-79.973013,316.000000,11.000000,276.000000,1.590031
2014-10-31T04:48:21Z,39.646731,-79.973206,308.000000,10.000000,276.000000,1.300000
2014-10-31T04:49:23Z,39.647166,-79.974094,312.000000,11.000000,276.000000,3.144074
2014-10-31T04:50:25Z,39.646594,-79.973168,328.000000,8.000000,141.500000,2.477781
2014-10-31T04:51:28Z,39.646059,-79.972609,357.000000,47.000000,19.299999,3.960808
2014-10-31T04:52:48Z,39.637852,-79.995028,0.000000,2641.000000,0.000000,0.000000
2014-10-31T04:54:13Z,39.637852,-79.995028,0.000000,2641.000000,0.000000,0.000000
2014-10-31T04:55:26Z,39.637852,-79.995028,0.000000,2641.000000,0.000000,0.000000
2014-10-31T04:57:09Z,39.637852,-79.995028,0.000000,2641.000000,0.000000,0.000000
2014-10-31T04:58:56Z,39.637852,-79.995028,0.000000,2641.000000,0.000000,0.000000
2014-10-31T05:00:01Z,39.637852,-79.995028,0.000000,2641.000000,0.000000,0.000000
2014-10-31T05:01:08Z,39.637852,-79.995028,0.000000,2641.000000,0.000000,0.000000
2014-10-31T05:03:01Z,39.637852,-79.995028,0.000000,2641.000000,0.000000,0.000000
2014-10-31T05:04:06Z,39.637852,-79.995028,0.000000,2641.000000,0.000000,0.000000
2014-10-31T05:05:11Z,39.640491,-79.960075,0.000000,2155.000000,0.000000,0.000000
2014-10-31T05:06:16Z,39.640491,-79.960075,0.000000,2155.000000,0.000000,0.000000
2014-10-31T05:07:26Z,39.640491,-79.960075,0.000000,2155.000000,0.000000,0.000000
2014-10-31T05:09:09Z,39.640491,-79.960075,0.000000,2155.000000,0.000000,0.000000
2014-10-31T05:10:17Z,39.640491,-79.960075,0.000000,2155.000000,0.000000,0.000000
2014-10-31T05:11:30Z,39.640491,-79.960075,0.000000,2155.000000,0.000000,0.000000
2014-10-31T05:12:52Z,39.640491,-79.960075,0.000000,2155.000000,0.000000,0.000000
2014-10-31T05:14:32Z,39.640491,-79.960075,0.000000,2155.000000,0.000000,0.000000
2014-10-31T05:15:37Z,39.640491,-79.960075,0.000000,2155.000000,0.000000,0.000000
2014-10-31T05:16:42Z,39.640491,-79.960075,0.000000,2155.000000,0.000000,0.000000
2014-10-31T05:17:47Z,39.640491,-79.960075,0.000000,2155.000000,0.000000,0.000000
2014-10-31T05:19:27Z,39.640491,-79.960075,0.000000,2155.000000,0.000000,0.000000
2014-10-31T05:20:37Z,39.640491,-79.960075,0.000000,2155.000000,0.000000,0.000000
2014-10-31T05:22:12Z,39.640491,-79.960075,0.000000,2155.000000,0.000000,0.000000
2014-10-31T05:23:36Z,39.640491,-79.960075,0.000000,2155.000000,0.000000,0.000000
2014-10-31T05:25:26Z,39.640491,-79.960075,0.000000,2155.000000,0.000000,0.000000
2014-10-31T05:26:43Z,39.640491,-79.960075,0.000000,2155.000000,0.000000,0.000000
2014-10-31T05:27:49Z,39.640491,-79.960075,0.000000,2155.000000,0.000000,0.000000
2014-10-31T05:28:55Z,39.640491,-79.960075,0.000000,2155.000000,0.000000,0.000000
2014-10-31T05:30:10Z,39.640491,-79.960075,0.000000,2155.000000,0.000000,0.000000
2014-10-31T05:31:20Z,39.640491,-79.960075,0.000000,2155.000000,0.000000,0.000000
2014-10-31T05:32:34Z,39.640491,-79.960075,0.000000,2155.000000,0.000000,0.000000
2014-10-31T05:33:49Z,39.640491,-79.960075,0.000000,2155.000000,0.000000,0.000000
2014-10-31T05:35:31Z,39.640491,-79.960075,0.000000,2155.000000,0.000000,0.000000
2014-10-31T05:36:37Z,39.640491,-79.960075,0.000000,2155.000000,0.000000,0.000000
2014-10-31T05:37:48Z,39.640491,-79.960075,0.000000,2155.000000,0.000000,0.000000
2014-10-31T05:38:54Z,39.640491,-79.960075,0.000000,2155.000000,0.000000,0.000000
2014-10-31T05:39:59Z,39.640491,-79.960075,0.000000,2155.000000,0.000000,0.000000
2014-10-31T05:41:04Z,39.640491,-79.960075,0.000000,2155.000000,0.000000,0.000000
2014-10-31T05:42:10Z,39.640491,-79.960075,0.000000,2155.000000,0.000000,0.000000
2014-10-31T05:43:27Z,39.640491,-79.960075,0.000000,2155.000000,0.000000,0.000000
2014-10-31T05:44:55Z,39.640491,-79.960075,0.000000,2155.000000,0.000000,0.000000
2014-10-31T05:46:09Z,39.640491,-79.960075,0.000000,2155.000000,0.000000,0.000000
2014-10-31T05:47:15Z,39.640491,-79.960075,0.000000,2155.000000,0.000000,0.000000
2014-10-31T05:48:58Z,39.640491,-79.960075,0.000000,2155.000000,0.000000,0.000000
2014-10-31T05:50:31Z,39.640491,-79.960075,0.000000,2155.000000,0.000000,0.000000
2014-10-31T05:52:10Z,39.640491,-79.960075,0.000000,2155.000000,0.000000,0.000000
2014-10-31T05:53:47Z,39.640491,-79.960075,0.000000,2155.000000,0.000000,0.000000
2014-10-31T05:54:59Z,39.640491,-79.960075,0.000000,2155.000000,0.000000,0.000000
2014-10-31T05:56:05Z,39.640491,-79.960075,0.000000,2155.000000,0.000000,0.000000
2014-10-31T05:57:10Z,39.640491,-79.960075,0.000000,2155.000000,0.000000,0.000000
2014-10-31T05:58:16Z,39.640491,-79.960075,0.000000,2155.000000,0.000000,0.000000
2014-10-31T05:59:56Z,39.640491,-79.960075,0.000000,2155.000000,0.000000,0.000000
2014-10-31T06:01:01Z,39.632597,-79.982982,0.000000,2155.000000,0.000000,0.000000
2014-10-31T06:02:06Z,39.651151,-79.974709,0.000000,2590.000000,0.000000,0.000000
2014-10-31T06:03:08Z,39.646313,-79.971894,326.000000,6.000000,95.199997,3.320015
2014-10-31T06:04:10Z,39.646516,-79.971402,321.000000,11.000000,354.299988,1.853996
2014-10-31T06:05:12Z,39.646774,-79.970454,312.000000,10.000000,65.300003,1.150000
2014-10-31T06:06:15Z,39.646880,-79.969828,291.000000,20.000000,56.799999,1.670000
2014-10-31T06:07:18Z,39.647194,-79.969308,291.000000,11.000000,56.799999,0.702567
2014-10-31T06:08:18Z,39.647286,-79.968861,317.000000,12.000000,61.799999,1.201499
2014-10-31T06:09:20Z,39.647433,-79.968054,332.000000,24.000000,61.799999,1.080046
2014-10-31T06:10:23Z,39.648071,-79.967630,316.000000,14.000000,0.000000,0.000000
2014-10-31T06:11:25Z,39.648156,-79.967086,289.000000,20.000000,34.000000,1.004042
2014-10-31T06:12:25Z,39.648741,-79.966753,296.000000,25.000000,47.099998,1.156244
2014-10-31T06:13:28Z,39.649134,-79.966177,314.000000,38.000000,47.099998,0.860058
2014-10-31T06:14:30Z,39.649247,-79.965298,278.000000,7.000000,116.099998,0.914822
2014-10-31T06:15:32Z,39.649391,-79.964930,310.000000,29.000000,116.099998,0.776466
2014-10-31T06:16:32Z,39.649495,-79.964306,280.000000,19.000000,116.099998,0.730000
2014-10-31T06:17:37Z,39.649028,-79.963615,346.000000,19.000000,116.099998,0.840536
2014-10-31T06:18:40Z,39.649000,-79.963165,274.000000,28.000000,165.899994,1.547288
2014-10-31T06:18:45Z,39.648366,-79.962528,0.000000,1561.000000,0.000000,0.000000
2014-10-31T06:21:00Z,39.649489,-79.961071,313.000000,16.000000,165.899994,0.471275
2014-10-31T06:22:10Z,39.649680,-79.960446,342.000000,23.000000,0.000000,0.000000
2014-10-31T06:23:33Z,39.649662,-79.960448,335.000000,31.000000,0.000000,0.000000
2014-10-31T06:25:16Z,39.648815,-79.960483,293.000000,64.000000,165.899994,0.503587
2014-10-31T06:26:20Z,39.649634,-79.960283,386.000000,23.000000,302.000000,0.977446
2014-10-31T06:27:25Z,39.649681,-79.960854,343.000000,50.000000,0.000000,0.000000
2014-10-31T06:29:00Z,39.649634,-79.960531,336.000000,23.000000,0.000000,0.000000
2014-10-31T06:30:00Z,39.654197,-79.964641,0.000000,1561.000000,0.000000,0.000000
2014-10-31T06:31:00Z,39.660028,-79.966755,0.000000,1881.000000,0.000000,0.000000
2014-10-31T06:32:00Z,39.649577,-79.960498,0.000000,20.000000,0.000000,0.000000
2014-10-31T06:33:12Z,39.649583,-79.960505,0.000000,20.000000,0.000000,0.000000
2014-10-31T06:34:17Z,39.649583,-79.960504,0.000000,20.000000,0.000000,0.000000
2014-10-31T06:35:21Z,39.649630,-79.960263,286.000000,8.000000,0.000000,0.000000
2014-10-31T06:36:24Z,39.649569,-79.960500,0.000000,20.000000,0.000000,0.000000
2014-10-31T06:37:27Z,39.649571,-79.960513,0.000000,20.000000,0.000000,0.000000
2014-10-31T06:38:31Z,39.649542,-79.960388,311.000000,10.000000,0.000000,0.000000
2014-10-31T06:39:34Z,39.649582,-79.960495,0.000000,20.000000,0.000000,0.000000
2014-10-31T06:40:38Z,39.649640,-79.960509,288.000000,14.000000,0.000000,0.000000
2014-10-31T06:41:40Z,39.649576,-79.960492,0.000000,20.000000,0.000000,0.000000
2014-10-31T06:42:40Z,39.649571,-79.960496,0.000000,20.000000,0.000000,0.000000
2014-10-31T06:43:44Z,39.649582,-79.960474,0.000000,20.000000,0.000000,0.000000
2014-10-31T06:44:48Z,39.649570,-79.960505,0.000000,20.000000,0.000000,0.000000
2014-10-31T06:45:52Z,39.649564,-79.960513,0.000000,20.000000,0.000000,0.000000
2014-10-31T06:46:55Z,39.649566,-79.960502,0.000000,20.000000,0.000000,0.000000
2014-10-31T06:47:59Z,39.649570,-79.960493,0.000000,20.000000,0.000000,0.000000
2014-10-31T06:49:03Z,39.649568,-79.960512,0.000000,20.000000,0.000000,0.000000
2014-10-31T06:50:07Z,39.649562,-79.960496,0.000000,20.000000,0.000000,0.000000
2014-10-31T06:51:07Z,39.649574,-79.960488,0.000000,20.000000,0.000000,0.000000
2014-10-31T06:52:12Z,39.649569,-79.960493,0.000000,20.000000,0.000000,0.000000
2014-10-31T06:53:16Z,39.649577,-79.960496,0.000000,20.000000,0.000000,0.000000
2014-10-31T06:54:20Z,39.649567,-79.960491,0.000000,20.000000,0.000000,0.000000
2014-10-31T06:55:24Z,39.649569,-79.960496,0.000000,20.000000,0.000000,0.000000
2014-10-31T06:56:28Z,39.649583,-79.960464,0.000000,20.000000,0.000000,0.000000
2014-10-31T06:57:32Z,39.649578,-79.960471,0.000000,20.000000,0.000000,0.000000
2014-10-31T06:58:35Z,39.649576,-79.960522,0.000000,20.000000,0.000000,0.000000
2014-10-31T06:59:39Z,39.649575,-79.960484,0.000000,20.000000,0.000000,0.000000
2014-10-31T07:00:43Z,39.649574,-79.960509,0.000000,20.000000,0.000000,0.000000
2014-10-31T07:01:47Z,39.649578,-79.960488,0.000000,20.000000,0.000000,0.000000
2014-10-31T07:02:47Z,39.649584,-79.960494,0.000000,20.000000,0.000000,0.000000
2014-10-31T07:03:51Z,39.649578,-79.960483,0.000000,20.000000,0.000000,0.000000
2014-10-31T07:04:55Z,39.649573,-79.960504,0.000000,20.000000,0.000000,0.000000
2014-10-31T07:05:59Z,39.649567,-79.960496,0.000000,20.000000,0.000000,0.000000
2014-10-31T07:07:03Z,39.649584,-79.960487,0.000000,20.000000,0.000000,0.000000
2014-10-31T07:08:07Z,39.649575,-79.960475,0.000000,20.000000,0.000000,0.000000
2014-10-31T07:09:11Z,39.649684,-79.960413,291.000000,17.000000,0.000000,0.000000
2014-10-31T07:10:14Z,39.649576,-79.960509,0.000000,20.000000,0.000000,0.000000
2014-10-31T07:11:18Z,39.649667,-79.960379,296.000000,11.000000,0.000000,0.000000
2014-10-31T07:12:24Z,39.649565,-79.960514,0.000000,20.000000,0.000000,0.000000
2014-10-31T07:13:28Z,39.649526,-79.960591,327.000000,21.000000,245.300003,0.151327
2014-10-31T07:14:32Z,39.649636,-79.960272,317.000000,11.000000,0.000000,0.000000
2014-10-31T07:15:35Z,39.649446,-79.960506,288.000000,18.000000,245.300003,0.347131
2014-10-31T07:16:38Z,39.649474,-79.960345,282.000000,17.000000,0.000000,0.000000
2014-10-31T07:17:43Z,39.649494,-79.960399,317.000000,12.000000,0.000000,0.000000
2014-10-31T07:18:47Z,39.649494,-79.960415,314.000000,17.000000,0.000000,0.080000
2014-10-31T07:19:51Z,39.649315,-79.960795,365.000000,17.000000,0.000000,0.000000
2014-10-31T07:20:54Z,39.649578,-79.960492,0.000000,20.000000,0.000000,0.000000
2014-10-31T07:21:58Z,39.649370,-79.960620,298.000000,21.000000,0.000000,0.000000
2014-10-31T07:23:01Z,39.649433,-79.960357,271.000000,13.000000,0.000000,0.140000
2014-10-31T07:24:13Z,39.649634,-79.960312,312.000000,9.000000,0.000000,0.000000
2014-10-31T07:25:24Z,39.649627,-79.960286,306.000000,19.000000,0.000000,0.000000
2014-10-31T07:26:41Z,39.649598,-79.960307,307.000000,17.000000,0.000000,0.000000
2014-10-31T07:27:47Z,39.649588,-79.960326,305.000000,18.000000,0.000000,0.000000
2014-10-31T07:28:50Z,39.649456,-79.960450,310.000000,17.000000,245.300003,0.262488
2014-10-31T07:29:53Z,39.649704,-79.960380,335.000000,22.000000,0.000000,0.000000
2014-10-31T07:30:56Z,39.649697,-79.960394,333.000000,18.000000,245.300003,0.460977
2014-10-31T07:32:24Z,39.649560,-79.960410,313.000000,19.000000,0.000000,0.000000
2014-10-31T07:33:42Z,39.649553,-79.960436,311.000000,22.000000,0.000000,0.000000
2014-10-31T07:34:46Z,39.649567,-79.960496,0.000000,20.000000,0.000000,0.000000
2014-10-31T07:36:00Z,39.649565,-79.960475,0.000000,20.000000,0.000000,0.000000
2014-10-31T07:37:04Z,39.649483,-79.960519,319.000000,14.000000,245.300003,0.322025
2014-10-31T07:38:08Z,39.649640,-79.960684,344.000000,26.000000,0.000000,0.000000
2014-10-31T07:39:44Z,39.649566,-79.960498,0.000000,20.000000,0.000000,0.000000
2014-10-31T07:40:55Z,39.649525,-79.960478,309.000000,23.000000,0.000000,0.000000
2014-10-31T07:42:01Z,39.649331,-79.960694,290.000000,12.000000,0.000000,0.000000
2014-10-31T07:43:01Z,39.649563,-79.960504,0.000000,20.000000,0.000000,0.000000
2014-10-31T07:44:25Z,39.649439,-79.960567,301.000000,10.000000,0.000000,0.000000
2014-10-31T07:45:28Z,39.649444,-79.960560,303.000000,11.000000,0.000000,0.100000
2014-10-31T07:46:44Z,39.649476,-79.960228,308.000000,8.000000,0.000000,0.000000
2014-10-31T07:47:56Z,39.649489,-79.960290,303.000000,14.000000,0.000000,0.000000
2014-10-31T07:49:31Z,39.649566,-79.960482,0.000000,20.000000,0.000000,0.000000
2014-10-31T07:50:36Z,39.649550,-79.960500,0.000000,20.000000,0.000000,0.000000
2014-10-31T07:52:10Z,39.649435,-79.960433,274.000000,14.000000,0.000000,0.020000
2014-10-31T07:53:10Z,39.649574,-79.960498,0.000000,20.000000,0.000000,0.000000
2014-10-31T07:54:14Z,39.649525,-79.960348,278.000000,10.000000,0.000000,0.000000
2014-10-31T07:55:24Z,39.649507,-79.960381,286.000000,13.000000,0.000000,0.000000
2014-10-31T07:56:38Z,39.649519,-79.960387,290.000000,9.000000,0.000000,0.000000
2014-10-31T07:58:05Z,39.649524,-79.960399,295.000000,25.000000,0.000000,0.000000
2014-10-31T07:59:09Z,39.649583,-79.960483,0.000000,20.000000,0.000000,0.000000
2014-10-31T08:00:14Z,39.649529,-79.960400,296.000000,16.000000,0.000000,0.000000
2014-10-31T08:01:25Z,39.649526,-79.960396,295.000000,21.000000,245.300003,0.288444
2014-10-31T08:03:09Z,39.649628,-79.960322,332.000000,17.000000,0.000000,0.000000
2014-10-31T08:04:13Z,39.649610,-79.960458,330.000000,19.000000,0.000000,0.000000
2014-10-31T08:05:24Z,39.649581,-79.960454,320.000000,17.000000,0.000000,0.000000
2014-10-31T08:07:01Z,39.649578,-79.960338,312.000000,14.000000,0.000000,0.000000
2014-10-31T08:08:12Z,39.649483,-79.960500,314.000000,15.000000,245.300003,0.161245
2014-10-31T08:09:15Z,39.649494,-79.960392,291.000000,12.000000,0.000000,0.000000
2014-10-31T08:10:24Z,39.649531,-79.960371,286.000000,18.000000,0.000000,0.000000
2014-10-31T08:11:27Z,39.649546,-79.960341,283.000000,16.000000,0.000000,0.000000
2014-10-31T08:12:43Z,39.649545,-79.960356,285.000000,14.000000,0.000000,0.000000
2014-10-31T08:13:47Z,39.649601,-79.960505,300.000000,21.000000,0.000000,0.000000
2014-10-31T08:15:24Z,39.649549,-79.960374,280.000000,17.000000,0.000000,0.000000
2014-10-31T08:16:27Z,39.649547,-79.960373,284.000000,19.000000,0.000000,0.000000
2014-10-31T08:17:30Z,39.649569,-79.960504,0.000000,20.000000,0.000000,0.000000
2014-10-31T08:18:34Z,39.649536,-79.960370,290.000000,17.000000,0.000000,0.000000
2014-10-31T08:19:37Z,39.649534,-79.960365,291.000000,21.000000,0.000000,0.000000
2014-10-31T08:20:40Z,39.649527,-79.960374,291.000000,17.000000,0.000000,0.000000
2014-10-31T08:22:10Z,39.649581,-79.960501,0.000000,20.000000,0.000000,0.000000
2014-10-31T08:23:17Z,39.649530,-79.960365,290.000000,17.000000,0.000000,0.000000
2014-10-31T08:24:21Z,39.649636,-79.960211,285.000000,18.000000,0.000000,0.000000
2014-10-31T08:25:24Z,39.649573,-79.960487,0.000000,20.000000,0.000000,0.000000
2014-10-31T08:26:28Z,39.649468,-79.960473,322.000000,8.000000,0.000000,0.070000
2014-10-31T08:27:31Z,39.649509,-79.960300,315.000000,15.000000,0.000000,0.000000
2014-10-31T08:28:31Z,39.649578,-79.960527,0.000000,20.000000,0.000000,0.000000
2014-10-31T08:29:37Z,39.649493,-79.960362,307.000000,17.000000,0.000000,0.000000
2014-10-31T08:30:40Z,39.649501,-79.960362,307.000000,18.000000,0.000000,0.000000
2014-10-31T08:32:25Z,39.649509,-79.960479,328.000000,8.000000,0.000000,0.000000
2014-10-31T08:33:25Z,39.649569,-79.960513,0.000000,20.000000,0.000000,0.000000
2014-10-31T08:34:29Z,39.649517,-79.960476,325.000000,16.000000,0.000000,0.000000
2014-10-31T08:35:33Z,39.649515,-79.960466,323.000000,23.000000,0.000000,0.000000
2014-10-31T08:37:03Z,39.649505,-79.960427,302.000000,14.000000,0.000000,0.000000
2014-10-31T08:38:29Z,39.649519,-79.960410,306.000000,12.000000,0.000000,0.000000
2014-10-31T08:39:32Z,39.649526,-79.960398,304.000000,17.000000,0.000000,0.000000
2014-10-31T08:40:36Z,39.649583,-79.960216,296.000000,14.000000,0.000000,0.010000
2014-10-31T08:41:39Z,39.649520,-79.960502,318.000000,13.000000,0.000000,0.000000
2014-10-31T08:42:43Z,39.649583,-79.960478,0.000000,20.000000,0.000000,0.000000
2014-10-31T08:43:43Z,39.649581,-79.960487,0.000000,20.000000,0.000000,0.000000
2014-10-31T08:45:25Z,39.649503,-79.960363,308.000000,17.000000,0.000000,0.000000
2014-10-31T08:46:29Z,39.649634,-79.959987,287.000000,14.000000,0.000000,0.000000
2014-10-31T08:47:32Z,39.649605,-79.960029,303.000000,17.000000,0.000000,0.000000
2014-10-31T08:48:37Z,39.649518,-79.960238,308.000000,21.000000,0.000000,0.000000
2014-10-31T08:50:24Z,39.649525,-79.960237,306.000000,11.000000,245.300003,0.413038
2014-10-31T08:52:10Z,39.649398,-79.960380,267.000000,14.000000,0.000000,0.000000
2014-10-31T08:53:41Z,39.649442,-79.960392,281.000000,16.000000,0.000000,0.000000
2014-10-31T08:55:24Z,39.649481,-79.960421,296.000000,13.000000,0.000000,0.000000
2014-10-31T08:57:01Z,39.649572,-79.960477,0.000000,20.000000,0.000000,0.000000
2014-10-31T08:58:44Z,39.649535,-79.960560,330.000000,7.000000,0.000000,0.180000
2014-10-31T08:59:59Z,39.649389,-79.960515,267.000000,7.000000,0.000000,0.000000
2014-10-31T09:01:02Z,39.649542,-79.960460,370.000000,8.000000,0.000000,0.000000
2014-10-31T09:02:04Z,39.649499,-79.960502,341.000000,12.000000,0.000000,0.000000
2014-10-31T09:03:25Z,39.649474,-79.960564,314.000000,8.000000,0.000000,0.000000
2014-10-31T09:04:28Z,39.649464,-79.960466,307.000000,22.000000,0.000000,0.000000
2014-10-31T09:05:31Z,39.649481,-79.960467,311.000000,15.000000,0.000000,0.000000
2014-10-31T09:07:01Z,39.649485,-79.960490,316.000000,19.000000,0.000000,0.000000
2014-10-31T09:08:48Z,39.649487,-79.960517,318.000000,16.000000,0.000000,0.000000
2014-10-31T09:10:00Z,39.649569,-79.960494,0.000000,20.000000,0.000000,0.000000
2014-10-31T09:11:27Z,39.649477,-79.960490,308.000000,18.000000,0.000000,0.000000
2014-10-31T09:12:59Z,39.649350,-79.960712,302.000000,16.000000,0.000000,0.120000
2014-10-31T09:13:59Z,39.649574,-79.960493,0.000000,20.000000,0.000000,0.000000
2014-10-31T09:15:23Z,39.649444,-79.960664,323.000000,14.000000,0.000000,0.000000
2014-10-31T09:16:26Z,39.649386,-79.960630,320.000000,19.000000,0.000000,0.000000
2014-10-31T09:17:28Z,39.649394,-79.960626,319.000000,13.000000,245.300003,0.253180
2014-10-31T09:18:55Z,39.649301,-79.960499,275.000000,13.000000,0.000000,0.000000
2014-10-31T09:20:25Z,39.649356,-79.960507,287.000000,13.000000,0.000000,0.000000
2014-10-31T09:22:10Z,39.649564,-79.960501,0.000000,20.000000,0.000000,0.000000
2014-10-31T09:23:59Z,39.649578,-79.960510,0.000000,30.290001,0.000000,0.000000
2014-10-31T09:25:25Z,39.649484,-79.960539,313.000000,10.000000,0.000000,0.000000
2014-10-31T09:26:29Z,39.649478,-79.960583,316.000000,14.000000,0.000000,0.000000
2014-10-31T09:27:36Z,39.649483,-79.960560,315.000000,16.000000,0.000000,0.000000
2014-10-31T09:29:03Z,39.649477,-79.960558,314.000000,20.000000,0.000000,0.000000
2014-10-31T09:30:06Z,39.649504,-79.960810,369.000000,17.000000,0.000000,0.520000
2014-10-31T09:31:36Z,39.649365,-79.960724,330.000000,31.000000,0.000000,0.000000
2014-10-31T09:33:19Z,39.649355,-79.960668,327.000000,6.000000,0.000000,0.130000
2014-10-31T09:34:21Z,39.649368,-79.960620,318.000000,12.000000,0.000000,0.000000
2014-10-31T09:35:24Z,39.649565,-79.960507,0.000000,20.000000,0.000000,0.000000
2014-10-31T09:36:42Z,39.649412,-79.960646,327.000000,19.000000,0.000000,0.000000
2014-10-31T09:38:04Z,39.649439,-79.960651,336.000000,15.000000,0.000000,0.000000
2014-10-31T09:39:08Z,39.649438,-79.960652,336.000000,16.000000,0.000000,0.000000
2014-10-31T09:40:12Z,39.649584,-79.960476,0.000000,20.000000,0.000000,0.000000
2014-10-31T09:41:28Z,39.649403,-79.960634,330.000000,19.000000,0.000000,0.000000
2014-10-31T09:43:05Z,39.649251,-79.960623,292.000000,14.000000,0.000000,0.020000
2014-10-31T09:44:12Z,39.649304,-79.960472,350.000000,16.000000,0.000000,0.000000
2014-10-31T09:45:17Z,39.649584,-79.960506,0.000000,20.000000,0.000000,0.000000
2014-10-31T09:46:22Z,39.649574,-79.960485,0.000000,20.000000,0.000000,0.000000
2014-10-31T09:47:26Z,39.649574,-79.960489,0.000000,20.000000,0.000000,0.000000
2014-10-31T09:48:33Z,39.649351,-79.960489,313.000000,15.000000,0.000000,0.000000
2014-10-31T09:49:37Z,39.649361,-79.960500,315.000000,12.000000,0.000000,0.000000
2014-10-31T09:50:41Z,39.649580,-79.960496,0.000000,20.000000,0.000000,0.000000
2014-10-31T09:52:10Z,39.649338,-79.960540,318.000000,15.000000,0.000000,0.000000
2014-10-31T09:53:54Z,39.649360,-79.960514,319.000000,14.000000,0.000000,0.000000
2014-10-31T09:55:24Z,39.649360,-79.960506,323.000000,10.000000,0.000000,0.000000
2014-10-31T09:57:16Z,39.649369,-79.960506,324.000000,13.000000,0.000000,0.000000
2014-10-31T09:58:34Z,39.649369,-79.960523,321.000000,9.000000,0.000000,0.000000
2014-10-31T10:01:26Z,39.649361,-79.960514,320.000000,16.000000,0.000000,0.000000
2014-10-31T10:02:30Z,39.649365,-79.960522,321.000000,12.000000,0.000000,0.000000
2014-10-31T10:04:18Z,39.649367,-79.960527,321.000000,18.000000,0.000000,0.000000
2014-10-31T10:05:24Z,39.649374,-79.960526,323.000000,11.000000,0.000000,0.000000
2014-10-31T10:06:28Z,39.649581,-79.960468,0.000000,20.000000,0.000000,0.000000
2014-10-31T10:07:32Z,39.649569,-79.960500,0.000000,20.000000,0.000000,0.000000
2014-10-31T10:08:36Z,39.649410,-79.960334,310.000000,16.000000,0.000000,0.000000
2014-10-31T10:09:40Z,39.649411,-79.960388,312.000000,17.000000,0.000000,0.000000
2014-10-31T10:11:28Z,39.649403,-79.960499,358.000000,10.000000,0.000000,0.000000
2014-10-31T10:12:44Z,39.649464,-79.960433,334.000000,26.000000,0.000000,0.000000
2014-10-31T10:13:48Z,39.649445,-79.960460,322.000000,16.000000,0.000000,0.000000
2014-10-31T10:14:51Z,39.649441,-79.960447,319.000000,14.000000,0.000000,0.000000
2014-10-31T10:16:08Z,39.649584,-79.960492,0.000000,20.000000,0.000000,0.000000
2014-10-31T10:17:11Z,39.649446,-79.960452,323.000000,8.000000,0.000000,0.000000
2014-10-31T10:18:34Z,39.649363,-79.960547,332.000000,8.000000,0.000000,0.110000
2014-10-31T10:19:34Z,39.649576,-79.960491,0.000000,20.000000,0.000000,0.000000
2014-10-31T10:20:38Z,39.649385,-79.960533,317.000000,19.000000,0.000000,0.000000
2014-10-31T10:22:09Z,39.649392,-79.960516,310.000000,14.000000,0.000000,0.000000
2014-10-31T10:23:29Z,39.649378,-79.960512,315.000000,27.000000,0.000000,0.000000
2014-10-31T10:24:29Z,39.649585,-79.960501,0.000000,20.000000,0.000000,0.000000
2014-10-31T10:25:48Z,39.649748,-79.960401,342.000000,20.000000,0.000000,0.000000
2014-10-31T10:26:51Z,39.649516,-79.960490,340.000000,19.000000,0.000000,0.000000
2014-10-31T10:28:33Z,39.649502,-79.960501,342.000000,13.000000,0.000000,0.000000
2014-10-31T10:29:33Z,39.649570,-79.960496,0.000000,20.000000,0.000000,0.000000
2014-10-31T10:30:41Z,39.649345,-79.960420,281.000000,11.000000,0.000000,0.000000
2014-10-31T10:32:24Z,39.649428,-79.960529,342.000000,8.000000,0.000000,0.000000
2014-10-31T10:33:32Z,39.649447,-79.960554,348.000000,8.000000,0.000000,0.000000
2014-10-31T10:34:36Z,39.649481,-79.960588,354.000000,19.000000,0.000000,0.000000
2014-10-31T10:35:39Z,39.649577,-79.960483,0.000000,20.000000,0.000000,0.000000
2014-10-31T10:36:50Z,39.649411,-79.960747,348.000000,21.000000,0.000000,0.000000
2014-10-31T10:37:52Z,39.649420,-79.960575,329.000000,12.000000,0.000000,0.000000
2014-10-31T10:38:55Z,39.649411,-79.960566,331.000000,12.000000,0.000000,0.000000
2014-10-31T10:39:58Z,39.649453,-79.960419,312.000000,9.000000,0.000000,0.000000
2014-10-31T10:41:02Z,39.649462,-79.960424,316.000000,16.000000,0.000000,0.000000
2014-10-31T10:42:06Z,39.649459,-79.960434,312.000000,19.000000,0.000000,0.000000
2014-10-31T10:43:35Z,39.649456,-79.960465,315.000000,14.000000,0.000000,0.000000
2014-10-31T10:44:40Z,39.649579,-79.960492,0.000000,20.000000,0.000000,0.000000
2014-10-31T10:46:01Z,39.649398,-79.960642,339.000000,20.000000,0.000000,0.000000
2014-10-31T10:47:04Z,39.649405,-79.960593,337.000000,14.000000,0.000000,0.000000
2014-10-31T10:48:35Z,39.649560,-79.960520,0.000000,20.000000,0.000000,0.000000
2014-10-31T10:49:44Z,39.649530,-79.960551,318.000000,13.000000,0.000000,0.000000
2014-10-31T10:50:59Z,39.649454,-79.960527,322.000000,16.000000,0.000000,0.000000
2014-10-31T10:52:09Z,39.649428,-79.960683,341.000000,10.000000,0.000000,0.000000
2014-10-31T10:53:35Z,39.649566,-79.960512,0.000000,20.000000,0.000000,0.000000
2014-10-31T10:54:48Z,39.649450,-79.960644,341.000000,17.000000,0.000000,0.000000
2014-10-31T10:55:51Z,39.649448,-79.960600,335.000000,18.000000,0.000000,0.000000
2014-10-31T10:56:54Z,39.649458,-79.960573,332.000000,11.000000,155.600006,0.376431
2014-10-31T10:58:34Z,39.649425,-79.960498,321.000000,18.000000,0.000000,0.000000
2014-10-31T10:59:52Z,39.649436,-79.960460,310.000000,30.000000,0.000000,0.000000
2014-10-31T11:00:56Z,39.649412,-79.960483,316.000000,17.000000,0.000000,0.000000
2014-10-31T11:01:59Z,39.649418,-79.960501,318.000000,16.000000,0.000000,0.000000
2014-10-31T11:03:33Z,39.649399,-79.960706,326.000000,16.000000,155.600006,0.499800
2014-10-31T11:04:55Z,39.649457,-79.960819,358.000000,11.000000,0.000000,0.000000
2014-10-31T11:05:58Z,39.649457,-79.960788,358.000000,11.000000,0.000000,0.000000
2014-10-31T11:07:00Z,39.649383,-79.960527,350.000000,8.000000,0.000000,0.130000
2014-10-31T11:08:34Z,39.649593,-79.960728,353.000000,23.000000,0.000000,0.000000
2014-10-31T11:09:59Z,39.649570,-79.960622,341.000000,13.000000,0.000000,0.000000
2014-10-31T11:11:26Z,39.649578,-79.960511,0.000000,20.000000,0.000000,0.000000
2014-10-31T11:12:45Z,39.649497,-79.960673,342.000000,14.000000,0.000000,0.000000
2014-10-31T11:13:59Z,39.649399,-79.960810,341.000000,11.000000,0.000000,0.000000
2014-10-31T11:15:02Z,39.649569,-79.960484,0.000000,20.000000,0.000000,0.000000
2014-10-31T11:16:06Z,39.649462,-79.960708,327.000000,10.000000,0.000000,0.000000
2014-10-31T11:17:09Z,39.649439,-79.960585,320.000000,9.000000,0.000000,0.030000
2014-10-31T11:18:42Z,39.649450,-79.960322,291.000000,21.000000,0.000000,0.000000
2014-10-31T11:20:06Z,39.649445,-79.960294,290.000000,18.000000,0.000000,0.000000
2014-10-31T11:21:27Z,39.649484,-79.960326,297.000000,15.000000,0.000000,0.000000
2014-10-31T11:22:30Z,39.649311,-79.960547,303.000000,12.000000,155.600006,1.377135
2014-10-31T11:23:55Z,39.649350,-79.960439,306.000000,11.000000,0.000000,0.000000
2014-10-31T11:25:10Z,39.649380,-79.960470,315.000000,13.000000,0.000000,0.000000
2014-10-31T11:26:14Z,39.649387,-79.960488,319.000000,23.000000,0.000000,0.000000
2014-10-31T11:27:18Z,39.649387,-79.960507,318.000000,24.000000,0.000000,0.000000
2014-10-31T11:28:33Z,39.649565,-79.960567,333.000000,15.000000,0.000000,0.040000
2014-10-31T11:30:13Z,39.649499,-79.960528,326.000000,18.000000,0.000000,0.000000
2014-10-31T11:31:16Z,39.649486,-79.960552,321.000000,18.000000,0.000000,0.000000
2014-10-31T11:32:42Z,39.649482,-79.960547,326.000000,8.000000,0.000000,0.000000
2014-10-31T11:33:45Z,39.649426,-79.960520,327.000000,9.000000,0.000000,0.000000
2014-10-31T11:35:16Z,39.649448,-79.960566,319.000000,14.000000,0.000000,0.000000
2014-10-31T11:36:28Z,39.649460,-79.960580,323.000000,9.000000,0.000000,0.000000
2014-10-31T11:37:31Z,39.649468,-79.960574,320.000000,14.000000,0.000000,0.000000
2014-10-31T11:38:34Z,39.649476,-79.960557,317.000000,11.000000,0.000000,0.000000
2014-10-31T11:40:21Z,39.649474,-79.960555,319.000000,17.000000,0.000000,0.000000
2014-10-31T11:41:24Z,39.649473,-79.960550,320.000000,11.000000,0.000000,0.000000
2014-10-31T11:42:32Z,39.649467,-79.960555,321.000000,13.000000,0.000000,0.000000
2014-10-31T11:43:42Z,39.649460,-79.960551,321.000000,9.000000,155.600006,0.238537
2014-10-31T11:44:46Z,39.649488,-79.960465,329.000000,8.000000,0.000000,0.000000
2014-10-31T11:45:54Z,39.649488,-79.960487,327.000000,9.000000,0.000000,0.000000
2014-10-31T11:46:57Z,39.649482,-79.960492,326.000000,8.000000,0.000000,0.000000
2014-10-31T11:48:18Z,39.649433,-79.960451,291.000000,11.000000,0.000000,0.000000
2014-10-31T11:49:31Z,39.649429,-79.960474,298.000000,20.000000,0.000000,0.000000
2014-10-31T11:50:31Z,39.649572,-79.960496,0.000000,20.000000,0.000000,0.000000
2014-10-31T11:52:08Z,39.649571,-79.960517,0.000000,20.000000,0.000000,0.000000
2014-10-31T11:53:34Z,39.649441,-79.960515,304.000000,15.000000,0.000000,0.000000
2014-10-31T11:54:37Z,39.649437,-79.960504,301.000000,23.000000,0.000000,0.000000
2014-10-31T11:55:37Z,39.649564,-79.960508,0.000000,20.000000,0.000000,0.000000
2014-10-31T11:56:41Z,39.649439,-79.960506,304.000000,11.000000,0.000000,0.000000
2014-10-31T11:57:51Z,39.649736,-79.960521,248.000000,15.000000,155.600006,0.717008
2014-10-31T11:58:55Z,39.649526,-79.960558,307.000000,15.000000,0.000000,0.000000
2014-10-31T11:59:59Z,39.649476,-79.960470,305.000000,16.000000,0.000000,0.000000
2014-10-31T12:01:03Z,39.649460,-79.960452,320.000000,24.000000,0.000000,0.000000
2014-10-31T12:02:35Z,39.649616,-79.960487,316.000000,12.000000,0.000000,0.120000
2014-10-31T12:03:39Z,39.649535,-79.960506,329.000000,17.000000,0.000000,0.000000
2014-10-31T12:05:22Z,39.649576,-79.960475,0.000000,20.000000,0.000000,0.000000
2014-10-31T12:07:03Z,39.649572,-79.960497,0.000000,20.000000,0.000000,0.000000
2014-10-31T12:08:15Z,39.649402,-79.960313,264.000000,18.000000,0.000000,0.000000
2014-10-31T12:09:20Z,39.649428,-79.960521,312.000000,12.000000,0.000000,0.120000
2014-10-31T12:10:23Z,39.649434,-79.960460,285.000000,13.000000,0.000000,0.000000
2014-10-31T12:11:28Z,39.649489,-79.960469,294.000000,17.000000,0.000000,0.000000
2014-10-31T12:12:31Z,39.649454,-79.960429,300.000000,20.000000,0.000000,0.000000
2014-10-31T12:13:35Z,39.649464,-79.960434,316.000000,24.000000,0.000000,0.000000
2014-10-31T12:14:38Z,39.649458,-79.960435,318.000000,17.000000,0.000000,0.000000
2014-10-31T12:15:37Z,39.649579,-79.960492,0.000000,20.000000,0.000000,0.000000
2014-10-31T12:16:41Z,39.649456,-79.960445,320.000000,13.000000,155.600006,0.272029
2014-10-31T12:17:45Z,39.649308,-79.960526,227.000000,13.000000,0.000000,0.000000
2014-10-31T12:18:49Z,39.649575,-79.960498,0.000000,20.000000,0.000000,0.000000
2014-10-31T12:20:03Z,39.649578,-79.960503,0.000000,20.000000,0.000000,0.000000
2014-10-31T12:21:08Z,39.649577,-79.960823,416.000000,15.000000,0.000000,0.000000
2014-10-31T12:22:12Z,39.649590,-79.960682,395.000000,14.000000,0.000000,0.000000
2014-10-31T12:23:33Z,39.649488,-79.960446,340.000000,11.000000,155.600006,0.245153
2014-10-31T12:25:04Z,39.649596,-79.960614,387.000000,12.000000,0.000000,0.000000
2014-10-31T12:26:07Z,39.649563,-79.960498,0.000000,20.000000,0.000000,0.000000
2014-10-31T12:27:07Z,39.649578,-79.960478,0.000000,20.000000,0.000000,0.000000
2014-10-31T12:28:12Z,39.649516,-79.960523,341.000000,14.000000,0.000000,0.000000
2014-10-31T12:29:15Z,39.649515,-79.960539,342.000000,10.000000,0.000000,0.000000
2014-10-31T12:30:14Z,39.649568,-79.960492,0.000000,20.000000,0.000000,0.000000
2014-10-31T12:31:34Z,39.649509,-79.960529,340.000000,15.000000,0.000000,0.000000
2014-10-31T12:32:44Z,39.649583,-79.960497,0.000000,20.000000,0.000000,0.000000
2014-10-31T12:33:48Z,39.649566,-79.960493,0.000000,20.000000,0.000000,0.000000
2014-10-31T12:35:04Z,39.649522,-79.960622,328.000000,13.000000,0.000000,0.000000
2014-10-31T12:36:10Z,39.649577,-79.960497,0.000000,20.000000,0.000000,0.000000
2014-10-31T12:37:15Z,39.649563,-79.960503,0.000000,20.000000,0.000000,0.000000
2014-10-31T12:38:22Z,39.649571,-79.960494,0.000000,20.000000,0.000000,0.000000
2014-10-31T12:39:26Z,39.649577,-79.960498,0.000000,20.000000,0.000000,0.000000
2014-10-31T12:40:31Z,39.649603,-79.960667,287.000000,15.000000,0.000000,0.000000
2014-10-31T14:11:22Z,39.647793,-79.956702,0.000000,2070.000000,0.000000,0.000000
2014-10-31T14:12:22Z,39.649560,-79.960481,0.000000,20.000000,0.000000,0.000000
2014-10-31T14:13:22Z,39.649565,-79.960492,0.000000,20.000000,0.000000,0.000000
2014-10-31T14:14:22Z,39.649579,-79.960502,0.000000,20.000000,0.000000,0.000000
2014-10-31T14:15:26Z,39.649349,-79.960478,309.000000,13.000000,133.399994,1.690266
2014-10-31T14:16:29Z,39.649385,-79.960456,306.000000,7.000000,240.399994,1.038460
2014-10-31T14:17:28Z,39.649569,-79.960498,0.000000,20.000000,0.000000,0.000000
2014-10-31T14:18:34Z,39.649573,-79.960567,353.000000,12.000000,240.399994,2.589401
2014-10-31T14:19:36Z,39.649625,-79.960257,277.000000,6.000000,240.399994,1.253994
2014-10-31T14:20:40Z,39.649398,-79.960484,324.000000,19.000000,57.799999,1.077079
2014-10-31T14:21:43Z,39.649564,-79.960503,0.000000,20.000000,0.000000,0.000000
2014-10-31T14:22:47Z,39.649576,-79.960501,0.000000,20.000000,0.000000,0.000000
2014-10-31T14:23:51Z,39.649560,-79.960492,0.000000,20.000000,0.000000,0.000000
2014-10-31T14:24:55Z,39.649567,-79.960496,0.000000,20.000000,0.000000,0.000000
2014-10-31T14:25:59Z,39.649583,-79.960494,0.000000,31.214001,0.000000,0.000000
2014-10-31T14:27:03Z,39.649566,-79.960480,0.000000,20.000000,0.000000,0.000000
2014-10-31T14:28:07Z,39.649574,-79.960506,0.000000,20.000000,0.000000,0.000000
2014-10-31T14:29:10Z,39.649586,-79.960492,0.000000,20.000000,0.000000,0.000000
2014-10-31T14:30:11Z,39.649573,-79.960496,0.000000,20.000000,0.000000,0.000000
2014-10-31T14:31:15Z,39.649572,-79.960484,0.000000,20.000000,0.000000,0.000000
2014-10-31T14:32:18Z,39.649581,-79.960496,0.000000,20.000000,0.000000,0.000000
2014-10-31T14:33:23Z,39.649534,-79.960771,379.000000,9.000000,33.900002,1.967587
2014-10-31T14:34:26Z,39.649580,-79.960494,0.000000,20.000000,0.000000,0.000000
2014-10-31T14:35:30Z,39.649569,-79.960485,0.000000,20.000000,0.000000,0.000000
2014-10-31T14:36:34Z,39.649565,-79.960489,0.000000,20.000000,0.000000,0.000000
2014-10-31T14:37:34Z,39.649561,-79.960502,0.000000,20.000000,0.000000,0.000000
2014-10-31T14:38:38Z,39.649412,-79.960568,292.000000,13.000000,128.000000,2.740073
2014-10-31T14:39:42Z,39.649554,-79.960539,319.000000,18.000000,9.900000,0.248395
2014-10-31T14:40:45Z,39.649577,-79.960517,0.000000,20.000000,0.000000,0.000000
2014-10-31T14:41:49Z,39.649549,-79.960362,303.000000,15.000000,195.699997,1.498166
2014-10-31T14:42:53Z,39.649441,-79.960517,318.000000,15.000000,0.000000,0.570000
2014-10-31T14:43:57Z,39.649423,-79.960605,331.000000,8.000000,37.500000,0.406079
2014-10-31T14:45:00Z,39.649569,-79.960493,0.000000,20.000000,0.000000,0.000000
2014-10-31T14:46:04Z,39.649583,-79.960492,0.000000,20.000000,0.000000,0.000000
2014-10-31T14:47:08Z,39.649404,-79.960719,331.000000,9.000000,0.000000,0.040000
2014-10-31T14:48:11Z,39.649580,-79.960490,0.000000,20.000000,0.000000,0.000000
2014-10-31T14:49:15Z,39.649568,-79.960488,0.000000,20.000000,0.000000,0.000000
2014-10-31T14:50:20Z,39.649374,-79.960644,321.000000,13.000000,174.000000,0.967471
2014-10-31T14:51:24Z,39.649257,-79.960815,326.000000,18.000000,174.000000,1.577466
2014-10-31T14:52:27Z,39.649560,-79.960492,0.000000,20.000000,0.000000,0.000000
2014-10-31T14:53:31Z,39.649582,-79.960495,0.000000,20.000000,0.000000,0.000000
2014-10-31T14:54:35Z,39.649571,-79.960480,0.000000,20.000000,0.000000,0.000000
2014-10-31T14:55:39Z,39.649578,-79.960530,0.000000,20.000000,0.000000,0.000000
2014-10-31T14:56:43Z,39.649578,-79.960479,0.000000,20.000000,0.000000,0.000000
2014-10-31T14:57:43Z,39.649583,-79.960521,0.000000,20.000000,0.000000,0.000000
2014-10-31T14:58:47Z,39.649576,-79.960494,0.000000,20.000000,0.000000,0.000000
2014-10-31T14:59:51Z,39.649414,-79.960624,344.000000,18.000000,0.000000,0.130000
2014-10-31T15:00:54Z,39.649570,-79.960500,0.000000,20.000000,0.000000,0.000000
2014-10-31T15:01:58Z,39.649511,-79.960501,317.000000,16.000000,136.000000,1.586852
2014-10-31T15:03:02Z,39.649486,-79.960591,333.000000,12.000000,136.000000,0.756902
2014-10-31T15:04:06Z,39.649466,-79.960628,314.000000,19.000000,35.900002,0.748465
2014-10-31T15:05:09Z,39.649573,-79.960511,0.000000,20.000000,0.000000,0.000000
2014-10-31T15:06:13Z,39.649571,-79.960475,0.000000,20.000000,0.000000,0.000000
2014-10-31T15:07:17Z,39.649562,-79.960511,0.000000,20.000000,0.000000,0.000000
2014-10-31T15:08:21Z,39.649570,-79.960489,0.000000,20.000000,0.000000,0.000000
2014-10-31T15:09:25Z,39.649564,-79.960486,0.000000,20.000000,0.000000,0.000000
2014-10-31T15:10:29Z,39.649318,-79.960689,286.000000,17.000000,147.399994,3.231873
2014-10-31T15:11:32Z,39.649588,-79.960507,0.000000,20.000000,0.000000,0.000000
2014-10-31T15:12:36Z,39.649569,-79.960498,0.000000,20.000000,0.000000,0.000000
2014-10-31T15:13:40Z,39.649403,-79.960615,303.000000,6.000000,226.399994,0.460977
2014-10-31T15:14:43Z,39.649573,-79.960484,0.000000,20.000000,0.000000,0.000000
2014-10-31T15:15:47Z,39.649572,-79.960482,0.000000,20.000000,0.000000,0.000000
2014-10-31T15:16:51Z,39.649569,-79.960514,0.000000,20.000000,0.000000,0.000000
2014-10-31T15:17:51Z,39.649578,-79.960482,0.000000,20.000000,0.000000,0.000000
2014-10-31T15:18:55Z,39.649576,-79.960503,0.000000,20.000000,0.000000,0.000000
2014-10-31T15:19:59Z,39.649480,-79.960494,319.000000,18.000000,0.000000,0.100000
2014-10-31T15:21:02Z,39.649581,-79.960506,0.000000,20.000000,0.000000,0.000000
2014-10-31T15:22:06Z,39.649554,-79.960469,0.000000,20.000000,0.000000,0.000000
2014-10-31T15:23:10Z,39.649570,-79.960493,0.000000,20.000000,0.000000,0.000000
2014-10-31T15:24:14Z,39.649137,-79.960634,359.000000,13.000000,225.100006,0.979439
2014-10-31T15:25:17Z,39.649573,-79.960520,0.000000,20.000000,0.000000,0.000000
2014-10-31T15:26:21Z,39.649209,-79.960665,356.000000,13.000000,28.299999,2.231815
2014-10-31T15:27:24Z,39.649351,-79.960604,306.000000,12.000000,265.799988,2.338995
2014-10-31T15:28:27Z,39.649592,-79.960508,0.000000,20.000000,0.000000,0.000000
2014-10-31T15:29:31Z,39.649579,-79.960494,0.000000,20.000000,0.000000,0.000000
2014-10-31T15:30:36Z,39.649381,-79.960634,309.000000,17.000000,350.399994,1.284445
2014-10-31T15:31:39Z,39.649582,-79.960488,0.000000,20.000000,0.000000,0.000000
2014-10-31T15:32:44Z,39.649421,-79.960665,312.000000,7.000000,350.399994,0.834865
2014-10-31T15:33:47Z,39.649559,-79.960498,0.000000,20.000000,0.000000,0.000000
2014-10-31T15:34:51Z,39.649590,-79.960492,0.000000,20.000000,0.000000,0.000000
2014-10-31T15:35:55Z,39.649581,-79.960499,0.000000,20.000000,0.000000,0.000000
2014-10-31T15:36:59Z,39.649331,-79.960474,282.000000,11.000000,50.000000,0.291204
2014-10-31T15:37:59Z,39.649585,-79.960494,0.000000,20.000000,0.000000,0.000000
2014-10-31T15:39:02Z,39.649472,-79.960480,295.000000,7.000000,266.600006,2.654374
2014-10-31T15:40:05Z,39.649521,-79.960303,285.000000,15.000000,266.600006,0.266833
2014-10-31T15:41:09Z,39.649552,-79.960461,307.000000,18.000000,263.799988,3.964745
2014-10-31T15:42:12Z,39.649583,-79.960503,0.000000,20.000000,0.000000,0.000000
2014-10-31T15:43:16Z,39.649586,-79.960506,0.000000,20.000000,0.000000,0.000000
2014-10-31T15:44:20Z,39.649580,-79.960500,0.000000,20.000000,0.000000,0.000000
2014-10-31T15:45:24Z,39.649387,-79.960744,350.000000,12.000000,90.400002,0.888369
2014-10-31T15:46:26Z,39.649476,-79.960390,302.000000,7.000000,90.400002,0.233238
2014-10-31T15:47:30Z,39.649475,-79.960855,319.000000,10.000000,90.400002,0.417732
2014-10-31T15:48:35Z,39.649353,-79.960563,291.000000,13.000000,0.000000,0.070000
2014-10-31T15:49:38Z,39.649580,-79.960521,0.000000,20.000000,0.000000,0.000000
2014-10-31T15:50:43Z,39.649582,-79.960515,0.000000,20.000000,0.000000,0.000000
2014-10-31T15:51:47Z,39.649582,-79.960493,0.000000,20.000000,0.000000,0.000000
2014-10-31T15:52:52Z,39.649829,-79.960856,338.000000,14.000000,208.300003,2.718253
2014-10-31T15:53:56Z,39.649189,-79.961914,333.000000,13.000000,222.899994,2.761232
2014-10-31T15:55:00Z,39.649347,-79.962998,318.000000,12.000000,325.000000,1.940412
2014-10-31T15:56:03Z,39.649367,-79.964093,299.000000,5.000000,247.399994,2.832419
2014-10-31T15:57:10Z,39.649297,-79.964860,288.000000,12.000000,291.700012,1.125078
2014-10-31T15:58:14Z,39.649409,-79.965753,305.000000,14.000000,264.200012,1.180720
2014-10-31T15:59:17Z,39.648704,-79.966637,315.000000,6.000000,198.399994,2.091220
2014-10-31T16:00:18Z,39.648634,-79.966595,0.000000,29.188000,0.000000,0.000000
2014-10-31T16:01:21Z,39.647441,-79.968082,281.000000,11.000000,233.199997,2.928276
2014-10-31T16:02:24Z,39.647256,-79.969066,282.000000,7.000000,237.600006,1.766635
2014-10-31T16:03:24Z,39.646421,-79.968978,0.000000,37.500000,0.000000,0.000000
2014-10-31T16:04:29Z,39.646464,-79.970888,309.000000,13.000000,254.199997,1.431782
2014-10-31T16:05:30Z,39.650889,-79.976161,0.000000,2687.000000,0.000000,0.000000
2014-10-31T16:06:31Z,39.650889,-79.976161,0.000000,2687.000000,0.000000,0.000000
2014-10-31T16:07:32Z,39.650889,-79.976161,0.000000,2687.000000,0.000000,0.000000
2014-10-31T16:08:32Z,39.644371,-79.985595,0.000000,2641.000000,0.000000,0.000000
2014-10-31T16:09:33Z,39.650889,-79.976161,0.000000,2687.000000,0.000000,0.000000
2014-10-31T16:10:34Z,39.650889,-79.976161,0.000000,2687.000000,0.000000,0.000000
2014-10-31T16:11:42Z,39.650889,-79.976161,0.000000,2687.000000,0.000000,0.000000
2014-10-31T16:12:42Z,39.650889,-79.976161,0.000000,2687.000000,0.000000,0.000000
2014-10-31T16:14:10Z,39.650889,-79.976161,0.000000,2687.000000,0.000000,0.000000
2014-10-31T16:15:10Z,39.650889,-79.976161,0.000000,2687.000000,0.000000,0.000000
2014-10-31T16:16:11Z,39.650889,-79.976161,0.000000,2687.000000,0.000000,0.000000
2014-10-31T16:17:11Z,39.650889,-79.976161,0.000000,2687.000000,0.000000,0.000000
2014-10-31T16:18:11Z,39.650889,-79.976161,0.000000,2687.000000,0.000000,0.000000
2014-10-31T16:19:12Z,39.650889,-79.976161,0.000000,2687.000000,0.000000,0.000000
2014-10-31T16:20:13Z,39.650889,-79.976161,0.000000,2687.000000,0.000000,0.000000
2014-10-31T16:21:13Z,39.650889,-79.976161,0.000000,2687.000000,0.000000,0.000000
2014-10-31T16:22:14Z,39.650889,-79.976161,0.000000,2687.000000,0.000000,0.000000
2014-10-31T16:23:14Z,39.650889,-79.976161,0.000000,2687.000000,0.000000,0.000000
2014-10-31T16:24:15Z,39.650889,-79.976161,0.000000,2687.000000,0.000000,0.000000
2014-10-31T16:25:15Z,39.650889,-79.976161,0.000000,2687.000000,0.000000,0.000000
2014-10-31T16:26:16Z,39.650889,-79.976161,0.000000,2687.000000,0.000000,0.000000
2014-10-31T16:27:17Z,39.650889,-79.976161,0.000000,2687.000000,0.000000,0.000000
2014-10-31T16:28:17Z,39.650889,-79.976161,0.000000,2687.000000,0.000000,0.000000
2014-10-31T16:29:18Z,39.650889,-79.976161,0.000000,2687.000000,0.000000,0.000000
2014-10-31T16:30:18Z,39.650889,-79.976161,0.000000,2687.000000,0.000000,0.000000
2014-10-31T16:31:19Z,39.650889,-79.976161,0.000000,2687.000000,0.000000,0.000000
2014-10-31T16:32:19Z,39.650889,-79.976161,0.000000,2687.000000,0.000000,0.000000
2014-10-31T16:34:13Z,39.650889,-79.976161,0.000000,2687.000000,0.000000,0.000000
2014-10-31T16:35:14Z,39.650889,-79.976161,0.000000,2687.000000,0.000000,0.000000
2014-10-31T16:36:14Z,39.650889,-79.976161,0.000000,2687.000000,0.000000,0.000000
2014-10-31T16:37:15Z,39.650889,-79.976161,0.000000,2687.000000,0.000000,0.000000
2014-10-31T16:38:15Z,39.650889,-79.976161,0.000000,2687.000000,0.000000,0.000000
2014-10-31T16:39:16Z,39.650889,-79.976161,0.000000,2687.000000,0.000000,0.000000
2014-10-31T16:40:17Z,39.650889,-79.976161,0.000000,2687.000000,0.000000,0.000000
2014-10-31T16:41:17Z,39.650889,-79.976161,0.000000,2687.000000,0.000000,0.000000
2014-10-31T16:42:18Z,39.650889,-79.976161,0.000000,2687.000000,0.000000,0.000000
2014-10-31T16:43:36Z,39.637852,-79.995028,0.000000,2641.000000,0.000000,0.000000
2014-10-31T16:44:38Z,39.650534,-79.973510,0.000000,2529.000000,0.000000,0.000000
2014-10-31T16:45:39Z,39.650889,-79.976161,0.000000,2687.000000,0.000000,0.000000
2014-10-31T16:46:47Z,39.650889,-79.976161,0.000000,2687.000000,0.000000,0.000000
2014-10-31T16:47:48Z,39.650889,-79.976161,0.000000,2687.000000,0.000000,0.000000
2014-10-31T16:49:13Z,39.650889,-79.976161,0.000000,2687.000000,0.000000,0.000000
2014-10-31T16:50:14Z,39.650889,-79.976161,0.000000,2687.000000,0.000000,0.000000
2014-10-31T16:51:15Z,39.650889,-79.976161,0.000000,2687.000000,0.000000,0.000000
2014-10-31T16:52:15Z,39.650889,-79.976161,0.000000,2687.000000,0.000000,0.000000
2014-10-31T16:54:14Z,39.650889,-79.976161,0.000000,2687.000000,0.000000,0.000000
2014-10-31T16:55:15Z,39.650889,-79.976161,0.000000,2687.000000,0.000000,0.000000
2014-10-31T16:56:16Z,39.650889,-79.976161,0.000000,2687.000000,0.000000,0.000000
2014-10-31T16:57:17Z,39.644371,-79.985595,0.000000,2641.000000,0.000000,0.000000
2014-10-31T16:58:17Z,39.637852,-79.995028,0.000000,2641.000000,0.000000,0.000000
2014-10-31T16:59:17Z,39.637852,-79.995028,0.000000,2641.000000,0.000000,0.000000
2014-10-31T17:00:18Z,39.637852,-79.995028,0.000000,2641.000000,0.000000,0.000000
2014-10-31T17:01:18Z,39.637852,-79.995028,0.000000,2641.000000,0.000000,0.000000
2014-10-31T17:02:19Z,39.637852,-79.995028,0.000000,2641.000000,0.000000,0.000000
2014-10-31T17:04:17Z,39.637852,-79.995028,0.000000,2641.000000,0.000000,0.000000
2014-10-31T17:05:18Z,39.637852,-79.995028,0.000000,2641.000000,0.000000,0.000000
2014-10-31T17:06:24Z,39.637852,-79.995028,0.000000,2641.000000,0.000000,0.000000
2014-10-31T17:07:25Z,39.637852,-79.995028,0.000000,2641.000000,0.000000,0.000000
2014-10-31T17:08:26Z,39.637852,-79.995028,0.000000,2641.000000,0.000000,0.000000
2014-10-31T17:09:26Z,39.651151,-79.974709,0.000000,2590.000000,0.000000,0.000000
2014-10-31T17:10:27Z,39.651151,-79.974709,0.000000,2590.000000,0.000000,0.000000
2014-10-31T17:11:27Z,39.651151,-79.974709,0.000000,2590.000000,0.000000,0.000000
2014-10-31T17:12:27Z,39.651151,-79.974709,0.000000,2590.000000,0.000000,0.000000
2014-10-31T17:13:27Z,39.651151,-79.974709,0.000000,2590.000000,0.000000,0.000000
2014-10-31T17:14:28Z,39.645821,-79.967392,0.000000,2155.000000,0.000000,0.000000
2014-10-31T17:15:28Z,39.640491,-79.960075,0.000000,2155.000000,0.000000,0.000000
2014-10-31T17:16:28Z,39.654110,-79.972057,0.000000,1881.000000,0.000000,0.000000
2014-10-31T17:17:29Z,39.660028,-79.966755,0.000000,1881.000000,0.000000,0.000000
2014-10-31T17:18:30Z,39.660028,-79.966755,0.000000,1881.000000,0.000000,0.000000
2014-10-31T17:19:31Z,39.655590,-79.970732,0.000000,1881.000000,0.000000,0.000000
2014-10-31T17:20:32Z,39.651151,-79.974709,0.000000,2590.000000,0.000000,0.000000
2014-10-31T17:21:33Z,39.651151,-79.974709,0.000000,2590.000000,0.000000,0.000000
2014-10-31T17:22:34Z,39.649758,-79.968618,0.000000,1561.000000,0.000000,0.000000
2014-10-31T17:23:35Z,39.648366,-79.962528,0.000000,1561.000000,0.000000,0.000000
2014-10-31T17:24:36Z,39.648366,-79.962528,0.000000,1561.000000,0.000000,0.000000
2014-10-31T17:25:36Z,39.648366,-79.962528,0.000000,1561.000000,0.000000,0.000000
2014-10-31T17:26:36Z,39.648366,-79.962528,0.000000,1561.000000,0.000000,0.000000
2014-10-31T17:27:37Z,39.648366,-79.962528,0.000000,1561.000000,0.000000,0.000000
2014-10-31T17:28:37Z,39.648366,-79.962528,0.000000,1561.000000,0.000000,0.000000
2014-10-31T17:30:01Z,39.648366,-79.962528,0.000000,1561.000000,0.000000,0.000000
2014-10-31T17:31:01Z,39.648366,-79.962528,0.000000,1561.000000,0.000000,0.000000
2014-10-31T17:32:07Z,39.648366,-79.962528,0.000000,1561.000000,0.000000,0.000000
2014-10-31T17:33:11Z,39.648366,-79.962528,0.000000,1561.000000,0.000000,0.000000
2014-10-31T17:34:20Z,39.648366,-79.962528,0.000000,1561.000000,0.000000,0.000000
2014-10-31T17:35:20Z,39.648366,-79.962528,0.000000,1561.000000,0.000000,0.000000
2014-10-31T17:36:23Z,39.648366,-79.962528,0.000000,1561.000000,0.000000,0.000000
2014-10-31T17:37:23Z,39.648366,-79.962528,0.000000,1561.000000,0.000000,0.000000
2014-10-31T17:38:25Z,39.648366,-79.962528,0.000000,1561.000000,0.000000,0.000000
2014-10-31T17:39:59Z,39.648366,-79.962528,0.000000,1561.000000,0.000000,0.000000
2014-10-31T17:41:02Z,39.648366,-79.962528,0.000000,1561.000000,0.000000,0.000000
2014-10-31T17:42:02Z,39.648366,-79.962528,0.000000,1561.000000,0.000000,0.000000
2014-10-31T17:43:08Z,39.648366,-79.962528,0.000000,1561.000000,0.000000,0.000000
2014-10-31T17:44:08Z,39.648366,-79.962528,0.000000,1561.000000,0.000000,0.000000
2014-10-31T17:45:08Z,39.648366,-79.962528,0.000000,1561.000000,0.000000,0.000000
2014-10-31T17:46:10Z,39.648366,-79.962528,0.000000,1561.000000,0.000000,0.000000
2014-10-31T17:47:11Z,39.648366,-79.962528,0.000000,1561.000000,0.000000,0.000000
2014-10-31T17:48:11Z,39.648366,-79.962528,0.000000,1561.000000,0.000000,0.000000
2014-10-31T17:49:12Z,39.648366,-79.962528,0.000000,1561.000000,0.000000,0.000000
2014-10-31T17:50:12Z,39.648366,-79.962528,0.000000,1561.000000,0.000000,0.000000
2014-10-31T17:51:13Z,39.648366,-79.962528,0.000000,1561.000000,0.000000,0.000000
2014-10-31T17:52:13Z,39.648366,-79.962528,0.000000,1561.000000,0.000000,0.000000
2014-10-31T17:53:13Z,39.648366,-79.962528,0.000000,1561.000000,0.000000,0.000000
2014-10-31T17:54:58Z,39.648366,-79.962528,0.000000,1561.000000,0.000000,0.000000
2014-10-31T17:55:59Z,39.648366,-79.962528,0.000000,1561.000000,0.000000,0.000000
2014-10-31T17:56:59Z,39.648366,-79.962528,0.000000,1561.000000,0.000000,0.000000
2014-10-31T17:57:59Z,39.648366,-79.962528,0.000000,1561.000000,0.000000,0.000000
2014-10-31T17:59:02Z,39.648366,-79.962528,0.000000,1561.000000,0.000000,0.000000
2014-10-31T18:00:03Z,39.648366,-79.962528,0.000000,1561.000000,0.000000,0.000000
2014-10-31T18:01:04Z,39.648366,-79.962528,0.000000,1561.000000,0.000000,0.000000
2014-10-31T18:02:05Z,39.648366,-79.962528,0.000000,1561.000000,0.000000,0.000000
2014-10-31T18:03:05Z,39.648366,-79.962528,0.000000,1561.000000,0.000000,0.000000
2014-10-31T18:04:35Z,39.648366,-79.962528,0.000000,1561.000000,0.000000,0.000000
2014-10-31T18:05:35Z,39.649548,-79.963112,0.000000,1561.000000,0.000000,0.000000
2014-10-31T18:06:36Z,39.648366,-79.962528,0.000000,1561.000000,0.000000,0.000000
2014-10-31T18:07:36Z,39.648366,-79.962528,0.000000,1561.000000,0.000000,0.000000
2014-10-31T18:08:37Z,39.648366,-79.962528,0.000000,1561.000000,0.000000,0.000000
2014-10-31T18:09:37Z,39.650139,-79.963405,0.000000,1561.000000,0.000000,0.000000
2014-10-31T18:10:37Z,39.648366,-79.962528,0.000000,1561.000000,0.000000,0.000000
2014-10-31T18:11:37Z,39.648366,-79.962528,0.000000,1561.000000,0.000000,0.000000
2014-10-31T18:12:38Z,39.651912,-79.964281,0.000000,1885.000000,0.000000,0.000000
2014-10-31T18:13:38Z,39.660028,-79.966755,0.000000,1881.000000,0.000000,0.000000
2014-10-31T18:14:51Z,39.660028,-79.966755,0.000000,1881.000000,0.000000,0.000000
2014-10-31T18:15:51Z,39.660028,-79.966755,0.000000,1881.000000,0.000000,0.000000
2014-10-31T18:16:52Z,39.660028,-79.966755,0.000000,1881.000000,0.000000,0.000000
2014-10-31T18:17:52Z,39.660028,-79.966755,0.000000,1881.000000,0.000000,0.000000
2014-10-31T18:18:53Z,39.660028,-79.966755,0.000000,1881.000000,0.000000,0.000000
2014-10-31T18:20:10Z,39.660028,-79.966755,0.000000,1881.000000,0.000000,0.000000
2014-10-31T18:21:12Z,39.651912,-79.964281,0.000000,1885.000000,0.000000,0.000000
2014-10-31T18:22:12Z,39.651912,-79.964281,0.000000,1885.000000,0.000000,0.000000
2014-10-31T18:23:13Z,39.651912,-79.964281,0.000000,1885.000000,0.000000,0.000000
2014-10-31T18:24:13Z,39.651912,-79.964281,0.000000,1885.000000,0.000000,0.000000
2014-10-31T18:25:13Z,39.651912,-79.964281,0.000000,1885.000000,0.000000,0.000000
2014-10-31T18:26:13Z,39.651912,-79.964281,0.000000,1885.000000,0.000000,0.000000
2014-10-31T18:27:14Z,39.651912,-79.964281,0.000000,1885.000000,0.000000,0.000000
2014-10-31T18:28:14Z,39.650534,-79.973510,0.000000,2529.000000,0.000000,0.000000
2014-10-31T18:29:15Z,39.650889,-79.976161,0.000000,2687.000000,0.000000,0.000000
2014-10-31T18:30:16Z,39.650889,-79.976161,0.000000,2687.000000,0.000000,0.000000
2014-10-31T18:31:17Z,39.650889,-79.976161,0.000000,2687.000000,0.000000,0.000000
2014-10-31T18:32:17Z,39.650889,-79.976161,0.000000,2687.000000,0.000000,0.000000
2014-10-31T18:33:18Z,39.650889,-79.976161,0.000000,2687.000000,0.000000,0.000000
2014-10-31T18:34:18Z,39.650889,-79.976161,0.000000,2687.000000,0.000000,0.000000
2014-10-31T18:35:19Z,39.650889,-79.976161,0.000000,2687.000000,0.000000,0.000000
2014-10-31T18:36:23Z,39.650889,-79.976161,0.000000,2687.000000,0.000000,0.000000
2014-10-31T18:37:23Z,39.650889,-79.976161,0.000000,2687.000000,0.000000,0.000000
2014-10-31T18:38:24Z,39.650889,-79.976161,0.000000,2687.000000,0.000000,0.000000
2014-10-31T18:39:25Z,39.650889,-79.976161,0.000000,2687.000000,0.000000,0.000000
2014-10-31T18:40:26Z,39.650889,-79.976161,0.000000,2687.000000,0.000000,0.000000
2014-10-31T18:41:26Z,39.650889,-79.976161,0.000000,2687.000000,0.000000,0.000000
2014-10-31T18:42:26Z,39.650889,-79.976161,0.000000,2687.000000,0.000000,0.000000
2014-10-31T18:43:33Z,39.650889,-79.976161,0.000000,2687.000000,0.000000,0.000000
2014-10-31T18:44:43Z,39.650889,-79.976161,0.000000,2687.000000,0.000000,0.000000
2014-10-31T18:45:43Z,39.650889,-79.976161,0.000000,2687.000000,0.000000,0.000000
2014-10-31T18:46:43Z,39.650889,-79.976161,0.000000,2687.000000,0.000000,0.000000
2014-10-31T18:47:45Z,39.650889,-79.976161,0.000000,2687.000000,0.000000,0.000000
2014-10-31T18:48:46Z,39.650889,-79.976161,0.000000,2687.000000,0.000000,0.000000
2014-10-31T18:49:47Z,39.650889,-79.976161,0.000000,2687.000000,0.000000,0.000000
2014-10-31T18:50:48Z,39.650889,-79.976161,0.000000,2687.000000,0.000000,0.000000
2014-10-31T18:51:48Z,39.650889,-79.976161,0.000000,2687.000000,0.000000,0.000000
2014-10-31T18:53:05Z,39.650889,-79.976161,0.000000,2687.000000,0.000000,0.000000
2014-10-31T18:54:05Z,39.650889,-79.976161,0.000000,2687.000000,0.000000,0.000000
2014-10-31T18:55:14Z,39.650889,-79.976161,0.000000,2687.000000,0.000000,0.000000
2014-10-31T18:56:15Z,39.650889,-79.976161,0.000000,2687.000000,0.000000,0.000000
2014-10-31T18:57:16Z,39.650889,-79.976161,0.000000,2687.000000,0.000000,0.000000
2014-10-31T18:58:17Z,39.650889,-79.976161,0.000000,2687.000000,0.000000,0.000000
2014-10-31T18:59:17Z,39.650889,-79.976161,0.000000,2687.000000,0.000000,0.000000
2014-10-31T19:00:17Z,39.650889,-79.976161,0.000000,2687.000000,0.000000,0.000000
2014-10-31T19:01:18Z,39.650889,-79.976161,0.000000,2687.000000,0.000000,0.000000
2014-10-31T19:02:18Z,39.650889,-79.976161,0.000000,2687.000000,0.000000,0.000000
2014-10-31T19:03:19Z,39.650889,-79.976161,0.000000,2687.000000,0.000000,0.000000
2014-10-31T19:04:19Z,39.645690,-79.968118,0.000000,2155.000000,0.000000,0.000000
2014-10-31T19:05:25Z,39.635219,-80.014132,0.000000,2892.000000,0.000000,0.000000
2014-10-31T19:06:25Z,39.633196,-79.998390,0.000000,2641.000000,0.000000,0.000000
2014-10-31T19:07:25Z,39.637852,-79.995028,0.000000,2641.000000,0.000000,0.000000
2014-10-31T19:08:29Z,39.637852,-79.995028,0.000000,2641.000000,0.000000,0.000000
2014-10-31T19:09:29Z,39.637852,-79.995028,0.000000,2641.000000,0.000000,0.000000
2014-10-31T19:10:30Z,39.637852,-79.995028,0.000000,2641.000000,0.000000,0.000000
2014-10-31T19:11:54Z,39.637852,-79.995028,0.000000,2641.000000,0.000000,0.000000
2014-10-31T19:12:54Z,39.637852,-79.995028,0.000000,2641.000000,0.000000,0.000000
2014-10-31T19:13:55Z,39.637852,-79.995028,0.000000,2641.000000,0.000000,0.000000
2014-10-31T19:15:17Z,39.637852,-79.995028,0.000000,2641.000000,0.000000,0.000000
2014-10-31T19:16:17Z,39.637852,-79.995028,0.000000,2641.000000,0.000000,0.000000
2014-10-31T19:17:19Z,39.637852,-79.995028,0.000000,2641.000000,0.000000,0.000000
2014-10-31T19:18:19Z,39.637852,-79.995028,0.000000,2641.000000,0.000000,0.000000
2014-10-31T19:19:20Z,39.637852,-79.995028,0.000000,2641.000000,0.000000,0.000000
2014-10-31T19:20:21Z,39.629516,-79.985891,0.000000,2641.000000,0.000000,0.000000
2014-10-31T19:21:22Z,39.635713,-79.992302,0.000000,2641.000000,0.000000,0.000000
2014-10-31T19:22:22Z,39.637852,-79.995028,0.000000,2641.000000,0.000000,0.000000
2014-10-31T19:23:23Z,39.637852,-79.995028,0.000000,2641.000000,0.000000,0.000000
2014-10-31T19:24:24Z,39.637852,-79.995028,0.000000,2641.000000,0.000000,0.000000
2014-10-31T19:25:24Z,39.637852,-79.995028,0.000000,2641.000000,0.000000,0.000000
2014-10-31T19:26:24Z,39.636036,-79.991815,0.000000,2505.000000,0.000000,0.000000
2014-10-31T19:27:25Z,39.645708,-79.972643,310.000000,19.000000,0.000000,0.000000
2014-10-31T19:28:25Z,39.645466,-79.972870,349.000000,13.000000,0.000000,0.000000
2014-10-31T19:29:25Z,39.634219,-79.988602,0.000000,2505.000000,0.000000,0.000000
2014-10-31T19:30:26Z,39.634219,-79.988602,0.000000,2505.000000,0.000000,0.000000
2014-10-31T19:31:46Z,39.636426,-79.993211,0.000000,2641.000000,0.000000,0.000000
2014-10-31T19:32:46Z,39.637852,-79.995028,0.000000,2641.000000,0.000000,0.000000
2014-10-31T19:33:47Z,39.637852,-79.995028,0.000000,2641.000000,0.000000,0.000000
2014-10-31T19:34:47Z,39.637852,-79.995028,0.000000,2641.000000,0.000000,0.000000
2014-10-31T19:35:47Z,39.637852,-79.995028,0.000000,2641.000000,0.000000,0.000000
2014-10-31T19:36:47Z,39.637852,-79.995028,0.000000,2641.000000,0.000000,0.000000
2014-10-31T19:37:48Z,39.637852,-79.995028,0.000000,2641.000000,0.000000,0.000000
2014-10-31T19:38:48Z,39.637852,-79.995028,0.000000,2641.000000,0.000000,0.000000
2014-10-31T19:39:48Z,39.636404,-79.985058,0.000000,1492.000000,0.000000,0.000000
2014-10-31T19:40:50Z,39.640491,-79.960075,0.000000,2155.000000,0.000000,0.000000
2014-10-31T19:41:50Z,39.640491,-79.960075,0.000000,2155.000000,0.000000,0.000000
2014-10-31T19:42:51Z,39.640491,-79.960075,0.000000,2155.000000,0.000000,0.000000
2014-10-31T19:43:51Z,39.640491,-79.960075,0.000000,2155.000000,0.000000,0.000000
2014-10-31T19:44:51Z,39.640491,-79.960075,0.000000,2155.000000,0.000000,0.000000
2014-10-31T19:45:52Z,39.640491,-79.960075,0.000000,2155.000000,0.000000,0.000000
2014-10-31T19:47:01Z,39.640491,-79.960075,0.000000,2155.000000,0.000000,0.000000
2014-10-31T19:48:01Z,39.640491,-79.960075,0.000000,2155.000000,0.000000,0.000000
2014-10-31T19:49:02Z,39.640491,-79.960075,0.000000,2155.000000,0.000000,0.000000
2014-10-31T19:50:05Z,39.640491,-79.960075,0.000000,2155.000000,0.000000,0.000000
2014-10-31T19:51:06Z,39.640491,-79.960075,0.000000,2155.000000,0.000000,0.000000
2014-10-31T19:52:28Z,39.640491,-79.960075,0.000000,2155.000000,0.000000,0.000000
2014-10-31T19:53:28Z,39.640491,-79.960075,0.000000,2155.000000,0.000000,0.000000
2014-10-31T19:54:33Z,39.640491,-79.960075,0.000000,2155.000000,0.000000,0.000000
2014-10-31T19:55:33Z,39.640491,-79.960075,0.000000,2155.000000,0.000000,0.000000
2014-10-31T19:56:33Z,39.640491,-79.960075,0.000000,2155.000000,0.000000,0.000000
2014-10-31T19:57:34Z,39.640491,-79.960075,0.000000,2155.000000,0.000000,0.000000
2014-10-31T19:58:35Z,39.640491,-79.960075,0.000000,2155.000000,0.000000,0.000000
2014-10-31T19:59:41Z,39.640491,-79.960075,0.000000,2155.000000,0.000000,0.000000
2014-10-31T20:00:41Z,39.640491,-79.960075,0.000000,2155.000000,0.000000,0.000000
2014-10-31T20:01:42Z,39.640491,-79.960075,0.000000,2155.000000,0.000000,0.000000
2014-10-31T20:02:42Z,39.640491,-79.960075,0.000000,2155.000000,0.000000,0.000000
2014-10-31T20:03:42Z,39.640491,-79.960075,0.000000,2155.000000,0.000000,0.000000
2014-10-31T20:04:45Z,39.640491,-79.960075,0.000000,2155.000000,0.000000,0.000000
2014-10-31T20:05:45Z,39.640491,-79.960075,0.000000,2155.000000,0.000000,0.000000
2014-10-31T20:06:46Z,39.640491,-79.960075,0.000000,2155.000000,0.000000,0.000000
2014-10-31T20:07:46Z,39.640491,-79.960075,0.000000,2155.000000,0.000000,0.000000
2014-10-31T20:08:47Z,39.640491,-79.960075,0.000000,2155.000000,0.000000,0.000000
2014-10-31T20:09:47Z,39.640491,-79.960075,0.000000,2155.000000,0.000000,0.000000
2014-10-31T20:10:47Z,39.640491,-79.960075,0.000000,2155.000000,0.000000,0.000000
2014-10-31T20:11:48Z,39.640491,-79.960075,0.000000,2155.000000,0.000000,0.000000
2014-10-31T20:12:49Z,39.640491,-79.960075,0.000000,2155.000000,0.000000,0.000000
2014-10-31T20:13:51Z,39.640491,-79.960075,0.000000,2155.000000,0.000000,0.000000
2014-10-31T20:14:52Z,39.640491,-79.960075,0.000000,2155.000000,0.000000,0.000000
2014-10-31T20:15:53Z,39.640491,-79.960075,0.000000,2155.000000,0.000000,0.000000
2014-10-31T20:16:53Z,39.640491,-79.960075,0.000000,2155.000000,0.000000,0.000000
2014-10-31T20:18:03Z,39.640491,-79.960075,0.000000,2155.000000,0.000000,0.000000
2014-10-31T20:19:04Z,39.640491,-79.960075,0.000000,2155.000000,0.000000,0.000000
2014-10-31T20:20:05Z,39.640491,-79.960075,0.000000,2155.000000,0.000000,0.000000
2014-10-31T20:21:19Z,39.640491,-79.960075,0.000000,2155.000000,0.000000,0.000000
2014-10-31T20:22:19Z,39.640491,-79.960075,0.000000,2155.000000,0.000000,0.000000
2014-10-31T20:23:21Z,39.640491,-79.960075,0.000000,2155.000000,0.000000,0.000000
2014-10-31T20:24:22Z,39.640491,-79.960075,0.000000,2155.000000,0.000000,0.000000
2014-10-31T20:25:23Z,39.640491,-79.960075,0.000000,2155.000000,0.000000,0.000000
2014-10-31T20:26:23Z,39.640491,-79.960075,0.000000,2155.000000,0.000000,0.000000
2014-10-31T20:27:29Z,39.640491,-79.960075,0.000000,2155.000000,0.000000,0.000000
2014-10-31T20:28:30Z,39.640491,-79.960075,0.000000,2155.000000,0.000000,0.000000
2014-10-31T20:29:30Z,39.640491,-79.960075,0.000000,2155.000000,0.000000,0.000000
2014-10-31T20:30:31Z,39.640491,-79.960075,0.000000,2155.000000,0.000000,0.000000
2014-10-31T20:31:32Z,39.640491,-79.960075,0.000000,2155.000000,0.000000,0.000000
2014-10-31T20:32:40Z,39.640491,-79.960075,0.000000,2155.000000,0.000000,0.000000
2014-10-31T20:33:41Z,39.640491,-79.960075,0.000000,2155.000000,0.000000,0.000000
2014-10-31T20:34:41Z,39.640491,-79.960075,0.000000,2155.000000,0.000000,0.000000
2014-10-31T20:35:42Z,39.640491,-79.960075,0.000000,2155.000000,0.000000,0.000000
2014-10-31T20:36:43Z,39.640491,-79.960075,0.000000,2155.000000,0.000000,0.000000
2014-10-31T20:38:08Z,39.640491,-79.960075,0.000000,2155.000000,0.000000,0.000000
2014-10-31T20:39:08Z,39.640491,-79.960075,0.000000,2155.000000,0.000000,0.000000
2014-10-31T20:40:09Z,39.646973,-79.971269,261.000000,147.000000,0.000000,0.000000
2014-10-31T20:41:11Z,39.640491,-79.960075,0.000000,2155.000000,0.000000,0.000000
2014-10-31T20:42:12Z,39.640491,-79.960075,0.000000,2155.000000,0.000000,0.000000
2014-10-31T20:43:15Z,39.640491,-79.960075,0.000000,2155.000000,0.000000,0.000000
2014-10-31T20:44:15Z,39.640491,-79.960075,0.000000,2155.000000,0.000000,0.000000
2014-10-31T20:45:16Z,39.640491,-79.960075,0.000000,2155.000000,0.000000,0.000000
2014-10-31T20:46:23Z,39.640491,-79.960075,0.000000,2155.000000,0.000000,0.000000
2014-10-31T20:48:08Z,39.640491,-79.960075,0.000000,2155.000000,0.000000,0.000000
2014-10-31T20:49:09Z,39.640491,-79.960075,0.000000,2155.000000,0.000000,0.000000
2014-10-31T20:50:10Z,39.640491,-79.960075,0.000000,2155.000000,0.000000,0.000000
2014-10-31T20:51:29Z,39.640491,-79.960075,0.000000,2155.000000,0.000000,0.000000
2014-10-31T20:52:34Z,39.640491,-79.960075,0.000000,2155.000000,0.000000,0.000000
2014-10-31T20:53:34Z,39.640491,-79.960075,0.000000,2155.000000,0.000000,0.000000
2014-10-31T20:54:35Z,39.640491,-79.960075,0.000000,2155.000000,0.000000,0.000000
2014-10-31T20:55:48Z,39.640491,-79.960075,0.000000,2155.000000,0.000000,0.000000
2014-10-31T20:56:50Z,39.640491,-79.960075,0.000000,2155.000000,0.000000,0.000000
2014-10-31T20:58:03Z,39.640491,-79.960075,0.000000,2155.000000,0.000000,0.000000
2014-10-31T20:59:04Z,39.640491,-79.960075,0.000000,2155.000000,0.000000,0.000000
2014-10-31T21:00:04Z,39.640491,-79.960075,0.000000,2155.000000,0.000000,0.000000
2014-10-31T21:01:04Z,39.640491,-79.960075,0.000000,2155.000000,0.000000,0.000000
2014-10-31T21:02:11Z,39.640491,-79.960075,0.000000,2155.000000,0.000000,0.000000
2014-10-31T21:03:12Z,39.640491,-79.960075,0.000000,2155.000000,0.000000,0.000000
2014-10-31T21:04:13Z,39.640491,-79.960075,0.000000,2155.000000,0.000000,0.000000
2014-10-31T21:05:13Z,39.640491,-79.960075,0.000000,2155.000000,0.000000,0.000000
2014-10-31T21:06:13Z,39.640491,-79.960075,0.000000,2155.000000,0.000000,0.000000
2014-10-31T21:07:14Z,39.640491,-79.960075,0.000000,2155.000000,0.000000,0.000000
2014-10-31T21:08:14Z,39.640491,-79.960075,0.000000,2155.000000,0.000000,0.000000
2014-10-31T21:09:15Z,39.640491,-79.960075,0.000000,2155.000000,0.000000,0.000000
2014-10-31T21:10:16Z,39.640491,-79.960075,0.000000,2155.000000,0.000000,0.000000
2014-10-31T21:11:16Z,39.640491,-79.960075,0.000000,2155.000000,0.000000,0.000000
2014-10-31T21:12:17Z,39.640491,-79.960075,0.000000,2155.000000,0.000000,0.000000
2014-10-31T21:13:21Z,39.640491,-79.960075,0.000000,2155.000000,0.000000,0.000000
2014-10-31T21:14:21Z,39.640491,-79.960075,0.000000,2155.000000,0.000000,0.000000
2014-10-31T21:15:22Z,39.640491,-79.960075,0.000000,2155.000000,0.000000,0.000000
2014-10-31T21:16:23Z,39.640491,-79.960075,0.000000,2155.000000,0.000000,0.000000
2014-10-31T21:17:23Z,39.640491,-79.960075,0.000000,2155.000000,0.000000,0.000000
2014-10-31T21:18:24Z,39.640491,-79.960075,0.000000,2155.000000,0.000000,0.000000
2014-10-31T21:19:25Z,39.640491,-79.960075,0.000000,2155.000000,0.000000,0.000000
2014-10-31T21:20:25Z,39.640491,-79.960075,0.000000,2155.000000,0.000000,0.000000
2014-10-31T21:21:26Z,39.640491,-79.960075,0.000000,2155.000000,0.000000,0.000000
2014-10-31T21:22:26Z,39.640491,-79.960075,0.000000,2155.000000,0.000000,0.000000
2014-10-31T21:23:27Z,39.640491,-79.960075,0.000000,2155.000000,0.000000,0.000000
2014-10-31T21:24:27Z,39.640491,-79.960075,0.000000,2155.000000,0.000000,0.000000
2014-10-31T21:25:29Z,39.640491,-79.960075,0.000000,2155.000000,0.000000,0.000000
2014-10-31T21:26:29Z,39.640491,-79.960075,0.000000,2155.000000,0.000000,0.000000
2014-10-31T21:27:30Z,39.640491,-79.960075,0.000000,2155.000000,0.000000,0.000000
2014-10-31T21:28:30Z,39.640491,-79.960075,0.000000,2155.000000,0.000000,0.000000
2014-10-31T21:29:31Z,39.640491,-79.960075,0.000000,2155.000000,0.000000,0.000000
2014-10-31T21:30:34Z,39.640491,-79.960075,0.000000,2155.000000,0.000000,0.000000
2014-10-31T21:31:35Z,39.640491,-79.960075,0.000000,2155.000000,0.000000,0.000000
2014-10-31T21:32:35Z,39.640491,-79.960075,0.000000,2155.000000,0.000000,0.000000
2014-10-31T21:33:36Z,39.640491,-79.960075,0.000000,2155.000000,0.000000,0.000000
2014-10-31T21:34:37Z,39.640491,-79.960075,0.000000,2155.000000,0.000000,0.000000
2014-10-31T21:35:37Z,39.640491,-79.960075,0.000000,2155.000000,0.000000,0.000000
2014-10-31T21:36:38Z,39.640491,-79.960075,0.000000,2155.000000,0.000000,0.000000
2014-10-31T21:37:38Z,39.640491,-79.960075,0.000000,2155.000000,0.000000,0.000000
2014-10-31T21:38:39Z,39.640491,-79.960075,0.000000,2155.000000,0.000000,0.000000
2014-10-31T21:39:40Z,39.640491,-79.960075,0.000000,2155.000000,0.000000,0.000000
2014-10-31T21:40:40Z,39.640491,-79.960075,0.000000,2155.000000,0.000000,0.000000
2014-10-31T21:41:41Z,39.640491,-79.960075,0.000000,2155.000000,0.000000,0.000000
2014-10-31T21:42:42Z,39.640491,-79.960075,0.000000,2155.000000,0.000000,0.000000
2014-10-31T21:43:42Z,39.640491,-79.960075,0.000000,2155.000000,0.000000,0.000000
2014-10-31T21:44:42Z,39.640491,-79.960075,0.000000,2155.000000,0.000000,0.000000
2014-10-31T21:45:43Z,39.640491,-79.960075,0.000000,2155.000000,0.000000,0.000000
2014-10-31T21:46:43Z,39.640491,-79.960075,0.000000,2155.000000,0.000000,0.000000
2014-10-31T21:47:43Z,39.640491,-79.960075,0.000000,2155.000000,0.000000,0.000000
2014-10-31T21:48:44Z,39.640491,-79.960075,0.000000,2155.000000,0.000000,0.000000
2014-10-31T21:49:45Z,39.640491,-79.960075,0.000000,2155.000000,0.000000,0.000000
2014-10-31T21:50:45Z,39.640491,-79.960075,0.000000,2155.000000,0.000000,0.000000
2014-10-31T21:51:48Z,39.640491,-79.960075,0.000000,2155.000000,0.000000,0.000000
2014-10-31T21:52:48Z,39.640491,-79.960075,0.000000,2155.000000,0.000000,0.000000
2014-10-31T21:53:48Z,39.640491,-79.960075,0.000000,2155.000000,0.000000,0.000000
2014-10-31T21:54:49Z,39.640491,-79.960075,0.000000,2155.000000,0.000000,0.000000
2014-10-31T21:55:49Z,39.640491,-79.960075,0.000000,2155.000000,0.000000,0.000000
2014-10-31T21:56:50Z,39.640491,-79.960075,0.000000,2155.000000,0.000000,0.000000
2014-10-31T21:57:52Z,39.640491,-79.960075,0.000000,2155.000000,0.000000,0.000000
2014-10-31T21:58:53Z,39.640491,-79.960075,0.000000,2155.000000,0.000000,0.000000
2014-10-31T21:59:53Z,39.640491,-79.960075,0.000000,2155.000000,0.000000,0.000000
2014-10-31T22:01:00Z,39.640491,-79.960075,0.000000,2155.000000,0.000000,0.000000
2014-10-31T22:02:01Z,39.640491,-79.960075,0.000000,2155.000000,0.000000,0.000000
2014-10-31T22:03:02Z,39.640491,-79.960075,0.000000,2155.000000,0.000000,0.000000
2014-10-31T22:04:02Z,39.640491,-79.960075,0.000000,2155.000000,0.000000,0.000000
2014-10-31T22:05:03Z,39.640491,-79.960075,0.000000,2155.000000,0.000000,0.000000
2014-10-31T22:06:04Z,39.640491,-79.960075,0.000000,2155.000000,0.000000,0.000000
2014-10-31T22:07:04Z,39.640491,-79.960075,0.000000,2155.000000,0.000000,0.000000
2014-10-31T22:08:05Z,39.640491,-79.960075,0.000000,2155.000000,0.000000,0.000000
2014-10-31T22:09:06Z,39.640491,-79.960075,0.000000,2155.000000,0.000000,0.000000
2014-10-31T22:10:06Z,39.640491,-79.960075,0.000000,2155.000000,0.000000,0.000000
2014-10-31T22:11:07Z,39.640491,-79.960075,0.000000,2155.000000,0.000000,0.000000
2014-10-31T22:12:07Z,39.640491,-79.960075,0.000000,2155.000000,0.000000,0.000000
2014-10-31T22:13:08Z,39.640491,-79.960075,0.000000,2155.000000,0.000000,0.000000
2014-10-31T22:14:09Z,39.640491,-79.960075,0.000000,2155.000000,0.000000,0.000000
2014-10-31T22:15:10Z,39.640491,-79.960075,0.000000,2155.000000,0.000000,0.000000
2014-10-31T22:16:11Z,39.640491,-79.960075,0.000000,2155.000000,0.000000,0.000000
2014-10-31T22:17:12Z,39.640491,-79.960075,0.000000,2155.000000,0.000000,0.000000
2014-10-31T22:18:12Z,39.640491,-79.960075,0.000000,2155.000000,0.000000,0.000000
2014-10-31T22:19:13Z,39.640491,-79.960075,0.000000,2155.000000,0.000000,0.000000
2014-10-31T22:20:13Z,39.640491,-79.960075,0.000000,2155.000000,0.000000,0.000000
2014-10-31T22:21:14Z,39.640491,-79.960075,0.000000,2155.000000,0.000000,0.000000
2014-10-31T22:22:15Z,39.640491,-79.960075,0.000000,2155.000000,0.000000,0.000000
2014-10-31T22:23:16Z,39.640491,-79.960075,0.000000,2155.000000,0.000000,0.000000
2014-10-31T22:24:17Z,39.640491,-79.960075,0.000000,2155.000000,0.000000,0.000000
2014-10-31T22:25:17Z,39.640491,-79.960075,0.000000,2155.000000,0.000000,0.000000
2014-10-31T22:26:18Z,39.640491,-79.960075,0.000000,2155.000000,0.000000,0.000000
2014-10-31T22:27:19Z,39.640491,-79.960075,0.000000,2155.000000,0.000000,0.000000
2014-10-31T22:28:20Z,39.640491,-79.960075,0.000000,2155.000000,0.000000,0.000000
2014-10-31T22:29:20Z,39.640491,-79.960075,0.000000,2155.000000,0.000000,0.000000
2014-10-31T22:30:21Z,39.640491,-79.960075,0.000000,2155.000000,0.000000,0.000000
2014-10-31T22:31:22Z,39.640491,-79.960075,0.000000,2155.000000,0.000000,0.000000
2014-10-31T22:32:23Z,39.640491,-79.960075,0.000000,2155.000000,0.000000,0.000000
2014-10-31T22:33:24Z,39.640491,-79.960075,0.000000,2155.000000,0.000000,0.000000
2014-10-31T22:34:41Z,39.640491,-79.960075,0.000000,2155.000000,0.000000,0.000000
2014-10-31T22:35:52Z,39.640491,-79.960075,0.000000,2155.000000,0.000000,0.000000
2014-10-31T22:36:52Z,39.640491,-79.960075,0.000000,2155.000000,0.000000,0.000000
2014-10-31T22:37:53Z,39.640491,-79.960075,0.000000,2155.000000,0.000000,0.000000
2014-10-31T22:38:53Z,39.640491,-79.960075,0.000000,2155.000000,0.000000,0.000000
2014-10-31T22:39:54Z,39.640491,-79.960075,0.000000,2155.000000,0.000000,0.000000
2014-10-31T22:40:55Z,39.640491,-79.960075,0.000000,2155.000000,0.000000,0.000000
2014-10-31T22:41:56Z,39.640491,-79.960075,0.000000,2155.000000,0.000000,0.000000
2014-10-31T22:42:57Z,39.640491,-79.960075,0.000000,2155.000000,0.000000,0.000000
2014-10-31T22:43:57Z,39.640491,-79.960075,0.000000,2155.000000,0.000000,0.000000
2014-10-31T22:44:58Z,39.640491,-79.960075,0.000000,2155.000000,0.000000,0.000000
2014-10-31T22:45:59Z,39.640491,-79.960075,0.000000,2155.000000,0.000000,0.000000
2014-10-31T22:46:59Z,39.640491,-79.960075,0.000000,2155.000000,0.000000,0.000000
2014-10-31T22:48:00Z,39.640491,-79.960075,0.000000,2155.000000,0.000000,0.000000
2014-10-31T22:49:00Z,39.640491,-79.960075,0.000000,2155.000000,0.000000,0.000000
2014-10-31T22:50:01Z,39.640491,-79.960075,0.000000,2155.000000,0.000000,0.000000
2014-10-31T22:51:01Z,39.640491,-79.960075,0.000000,2155.000000,0.000000,0.000000
2014-10-31T22:52:01Z,39.640491,-79.960075,0.000000,2155.000000,0.000000,0.000000
2014-10-31T22:53:02Z,39.640491,-79.960075,0.000000,2155.000000,0.000000,0.000000
2014-10-31T22:54:02Z,39.640491,-79.960075,0.000000,2155.000000,0.000000,0.000000
2014-10-31T22:55:03Z,39.640491,-79.960075,0.000000,2155.000000,0.000000,0.000000
2014-10-31T22:56:03Z,39.640491,-79.960075,0.000000,2155.000000,0.000000,0.000000
2014-10-31T22:57:04Z,39.640491,-79.960075,0.000000,2155.000000,0.000000,0.000000
2014-10-31T22:58:04Z,39.640491,-79.960075,0.000000,2155.000000,0.000000,0.000000
2014-10-31T22:59:04Z,39.640491,-79.960075,0.000000,2155.000000,0.000000,0.000000
2014-10-31T23:00:05Z,39.640491,-79.960075,0.000000,2155.000000,0.000000,0.000000
2014-10-31T23:01:05Z,39.640491,-79.960075,0.000000,2155.000000,0.000000,0.000000
2014-10-31T23:02:06Z,39.640491,-79.960075,0.000000,2155.000000,0.000000,0.000000
2014-10-31T23:03:06Z,39.640491,-79.960075,0.000000,2155.000000,0.000000,0.000000
2014-10-31T23:04:11Z,39.640491,-79.960075,0.000000,2155.000000,0.000000,0.000000
2014-10-31T23:05:12Z,39.640491,-79.960075,0.000000,2155.000000,0.000000,0.000000
2014-10-31T23:06:12Z,39.640491,-79.960075,0.000000,2155.000000,0.000000,0.000000
2014-10-31T23:07:13Z,39.640491,-79.960075,0.000000,2155.000000,0.000000,0.000000
2014-10-31T23:08:14Z,39.640491,-79.960075,0.000000,2155.000000,0.000000,0.000000
2014-10-31T23:16:57Z,39.645292,-79.972542,324.000000,137.000000,0.000000,0.000000
2014-10-31T23:18:37Z,39.645205,-79.972994,360.000000,96.000000,88.199997,0.770065
2014-10-31T23:21:26Z,39.646290,-79.971116,165.000000,132.000000,0.000000,0.000000
2014-10-31T23:23:38Z,39.646466,-79.971500,170.000000,157.000000,88.199997,0.443847
2014-10-31T23:25:13Z,39.645843,-79.972093,237.000000,147.000000,0.000000,0.000000
2014-10-31T23:26:49Z,39.645587,-79.971776,245.000000,134.000000,0.000000,0.000000
2014-10-31T23:28:23Z,39.645543,-79.972094,285.000000,93.000000,88.199997,0.434166
2014-10-31T23:29:53Z,39.645522,-79.972229,274.000000,136.000000,88.199997,1.353292
2014-10-31T23:31:20Z,39.640491,-79.960075,0.000000,2155.000000,0.000000,0.000000
2014-10-31T23:34:44Z,39.634219,-79.988602,0.000000,2505.000000,0.000000,0.000000
2014-10-31T23:39:31Z,39.644971,-79.972889,296.000000,131.000000,0.000000,0.000000
2014-10-31T23:41:08Z,39.645697,-79.972244,297.000000,130.000000,0.000000,0.000000
2014-10-31T23:44:43Z,39.646478,-79.972059,211.000000,173.000000,0.000000,0.000000
2014-10-31T23:47:52Z,39.644639,-79.973427,260.000000,203.000000,0.000000,0.000000
2014-10-31T23:50:10Z,39.645370,-79.972631,279.000000,134.000000,0.000000,0.000000
2014-10-31T23:55:47Z,39.645055,-79.972907,284.000000,130.000000,0.000000,0.000000
2014-11-01T00:08:51Z,39.635942,-79.991977,0.000000,2507.000000,0.000000,0.000000
2014-11-01T00:09:52Z,39.623559,-80.003691,0.000000,3331.000000,0.000000,0.000000
2014-11-01T00:10:52Z,39.623559,-80.003691,0.000000,3331.000000,0.000000,0.000000
2014-11-01T00:11:52Z,39.623559,-80.003691,0.000000,3331.000000,0.000000,0.000000
2014-11-01T00:13:12Z,39.623559,-80.003691,0.000000,3331.000000,0.000000,0.000000
2014-11-01T00:14:12Z,39.637479,-79.974305,0.000000,2130.000000,0.000000,0.000000
2014-11-01T00:15:13Z,39.635942,-79.991977,0.000000,2507.000000,0.000000,0.000000
2014-11-01T00:16:13Z,39.629410,-79.986017,0.000000,2612.000000,0.000000,0.000000
2014-11-01T00:17:13Z,39.621143,-79.976693,0.000000,2855.000000,0.000000,0.000000
2014-11-01T00:18:13Z,39.629410,-79.986017,0.000000,2612.000000,0.000000,0.000000
2014-11-01T00:19:14Z,39.637676,-79.995340,0.000000,2612.000000,0.000000,0.000000
2014-11-01T00:20:14Z,39.637676,-79.995340,0.000000,2612.000000,0.000000,0.000000
2014-11-01T00:21:15Z,39.634208,-79.988614,0.000000,2507.000000,0.000000,0.000000
2014-11-01T00:22:15Z,39.621143,-79.976693,0.000000,2855.000000,0.000000,0.000000
2014-11-01T00:23:17Z,39.621143,-79.976693,0.000000,2855.000000,0.000000,0.000000
2014-11-01T00:24:18Z,39.621143,-79.976693,0.000000,2855.000000,0.000000,0.000000
2014-11-01T00:25:18Z,39.621143,-79.976693,0.000000,2855.000000,0.000000,0.000000
2014-11-01T00:26:19Z,39.621143,-79.976693,0.000000,2855.000000,0.000000,0.000000
2014-11-01T00:27:41Z,39.621143,-79.976693,0.000000,2855.000000,0.000000,0.000000
2014-11-01T00:28:42Z,39.621143,-79.976693,0.000000,2855.000000,0.000000,0.000000
2014-11-01T00:29:42Z,39.621143,-79.976693,0.000000,2855.000000,0.000000,0.000000
2014-11-01T00:30:47Z,39.621143,-79.976693,0.000000,2855.000000,0.000000,0.000000
2014-11-01T00:32:17Z,39.621143,-79.976693,0.000000,2855.000000,0.000000,0.000000
2014-11-01T00:33:18Z,39.634208,-79.988614,0.000000,2507.000000,0.000000,0.000000
2014-11-01T00:34:33Z,39.634208,-79.988614,0.000000,2507.000000,0.000000,0.000000
2014-11-01T00:36:11Z,39.637676,-79.995340,0.000000,2612.000000,0.000000,0.000000
2014-11-01T00:37:46Z,39.637676,-79.995340,0.000000,2612.000000,0.000000,0.000000
2014-11-01T00:38:46Z,39.637676,-79.995340,0.000000,2612.000000,0.000000,0.000000
2014-11-01T00:40:04Z,39.637676,-79.995340,0.000000,2612.000000,0.000000,0.000000
2014-11-01T00:41:22Z,39.637676,-79.995340,0.000000,2612.000000,0.000000,0.000000
2014-11-01T00:42:24Z,39.637676,-79.995340,0.000000,2612.000000,0.000000,0.000000
2014-11-01T00:43:47Z,39.637676,-79.995340,0.000000,2612.000000,0.000000,0.000000
2014-11-01T00:45:26Z,39.637676,-79.995340,0.000000,2612.000000,0.000000,0.000000
2014-11-01T00:46:26Z,39.637676,-79.995340,0.000000,2612.000000,0.000000,0.000000
2014-11-01T00:47:47Z,39.637676,-79.995340,0.000000,2612.000000,0.000000,0.000000
2014-11-01T00:48:48Z,39.637676,-79.995340,0.000000,2612.000000,0.000000,0.000000
2014-11-01T00:49:49Z,39.637676,-79.995340,0.000000,2612.000000,0.000000,0.000000
2014-11-01T00:50:49Z,39.637676,-79.995340,0.000000,2612.000000,0.000000,0.000000
2014-11-01T00:51:52Z,39.637676,-79.995340,0.000000,2612.000000,0.000000,0.000000
2014-11-01T00:52:52Z,39.637676,-79.995340,0.000000,2612.000000,0.000000,0.000000
2014-11-01T00:53:53Z,39.637676,-79.995340,0.000000,2612.000000,0.000000,0.000000
2014-11-01T00:54:55Z,39.637676,-79.995340,0.000000,2612.000000,0.000000,0.000000
2014-11-01T00:56:04Z,39.637676,-79.995340,0.000000,2612.000000,0.000000,0.000000
2014-11-01T00:57:07Z,39.637676,-79.995340,0.000000,2612.000000,0.000000,0.000000
2014-11-01T00:58:08Z,39.637676,-79.995340,0.000000,2612.000000,0.000000,0.000000
2014-11-01T00:59:22Z,39.637676,-79.995340,0.000000,2612.000000,0.000000,0.000000
2014-11-01T01:00:22Z,39.637676,-79.995340,0.000000,2612.000000,0.000000,0.000000
2014-11-01T01:01:22Z,39.637676,-79.995340,0.000000,2612.000000,0.000000,0.000000
2014-11-01T01:02:22Z,39.637676,-79.995340,0.000000,2612.000000,0.000000,0.000000
2014-11-01T01:03:23Z,39.637676,-79.995340,0.000000,2612.000000,0.000000,0.000000
2014-11-01T01:04:23Z,39.637676,-79.995340,0.000000,2612.000000,0.000000,0.000000
2014-11-01T01:05:23Z,39.637676,-79.995340,0.000000,2612.000000,0.000000,0.000000
2014-11-01T01:06:24Z,39.637676,-79.995340,0.000000,2612.000000,0.000000,0.000000
2014-11-01T01:07:24Z,39.637676,-79.995340,0.000000,2612.000000,0.000000,0.000000
2014-11-01T01:08:25Z,39.637676,-79.995340,0.000000,2612.000000,0.000000,0.000000
2014-11-01T01:09:31Z,39.637676,-79.995340,0.000000,2612.000000,0.000000,0.000000
2014-11-01T01:11:02Z,39.637676,-79.995340,0.000000,2612.000000,0.000000,0.000000
2014-11-01T01:12:16Z,39.637676,-79.995340,0.000000,2612.000000,0.000000,0.000000
2014-11-01T01:13:23Z,39.637676,-79.995340,0.000000,2612.000000,0.000000,0.000000
2014-11-01T01:14:23Z,39.637676,-79.995340,0.000000,2612.000000,0.000000,0.000000
2014-11-01T01:15:24Z,39.637676,-79.995340,0.000000,2612.000000,0.000000,0.000000
2014-11-01T01:16:24Z,39.637676,-79.995340,0.000000,2612.000000,0.000000,0.000000
2014-11-01T01:17:24Z,39.637676,-79.995340,0.000000,2612.000000,0.000000,0.000000
2014-11-01T01:18:24Z,39.637676,-79.995340,0.000000,2612.000000,0.000000,0.000000
2014-11-01T01:19:24Z,39.637676,-79.995340,0.000000,2612.000000,0.000000,0.000000
2014-11-01T01:20:25Z,39.637676,-79.995340,0.000000,2612.000000,0.000000,0.000000
2014-11-01T01:21:25Z,39.640750,-79.959997,0.000000,2130.000000,0.000000,0.000000
2014-11-01T01:22:25Z,39.640750,-79.959997,0.000000,2130.000000,0.000000,0.000000
2014-11-01T01:23:26Z,39.640750,-79.959997,0.000000,2130.000000,0.000000,0.000000
2014-11-01T01:24:26Z,39.640750,-79.959997,0.000000,2130.000000,0.000000,0.000000
2014-11-01T01:25:26Z,39.640750,-79.959997,0.000000,2130.000000,0.000000,0.000000
2014-11-01T01:26:26Z,39.640750,-79.959997,0.000000,2130.000000,0.000000,0.000000
2014-11-01T01:27:37Z,39.640750,-79.959997,0.000000,2130.000000,0.000000,0.000000
2014-11-01T01:28:37Z,39.640750,-79.959997,0.000000,2130.000000,0.000000,0.000000
2014-11-01T01:29:37Z,39.640750,-79.959997,0.000000,2130.000000,0.000000,0.000000
2014-11-01T01:30:38Z,39.640750,-79.959997,0.000000,2130.000000,0.000000,0.000000
2014-11-01T01:31:38Z,39.640750,-79.959997,0.000000,2130.000000,0.000000,0.000000
2014-11-01T01:32:39Z,39.640750,-79.959997,0.000000,2130.000000,0.000000,0.000000
2014-11-01T01:33:41Z,39.640750,-79.959997,0.000000,2130.000000,0.000000,0.000000
2014-11-01T01:34:41Z,39.640750,-79.959997,0.000000,2130.000000,0.000000,0.000000
2014-11-01T01:35:43Z,39.640750,-79.959997,0.000000,2130.000000,0.000000,0.000000
2014-11-01T01:36:43Z,39.640750,-79.959997,0.000000,2130.000000,0.000000,0.000000
2014-11-01T01:37:44Z,39.640750,-79.959997,0.000000,2130.000000,0.000000,0.000000
2014-11-01T01:38:44Z,39.640750,-79.959997,0.000000,2130.000000,0.000000,0.000000
2014-11-01T01:39:45Z,39.640750,-79.959997,0.000000,2130.000000,0.000000,0.000000
2014-11-01T01:40:45Z,39.640750,-79.959997,0.000000,2130.000000,0.000000,0.000000
2014-11-01T01:41:45Z,39.640750,-79.959997,0.000000,2130.000000,0.000000,0.000000
2014-11-01T01:42:46Z,39.640750,-79.959997,0.000000,2130.000000,0.000000,0.000000
2014-11-01T01:43:46Z,39.640750,-79.959997,0.000000,2130.000000,0.000000,0.000000
2014-11-01T01:44:47Z,39.640750,-79.959997,0.000000,2130.000000,0.000000,0.000000
2014-11-01T01:45:47Z,39.640750,-79.959997,0.000000,2130.000000,0.000000,0.000000
2014-11-01T01:46:47Z,39.640750,-79.959997,0.000000,2130.000000,0.000000,0.000000
2014-11-01T01:47:48Z,39.640750,-79.959997,0.000000,2130.000000,0.000000,0.000000
2014-11-01T01:48:49Z,39.640750,-79.959997,0.000000,2130.000000,0.000000,0.000000
2014-11-01T01:49:50Z,39.640750,-79.959997,0.000000,2130.000000,0.000000,0.000000
2014-11-01T01:50:51Z,39.640750,-79.959997,0.000000,2130.000000,0.000000,0.000000
2014-11-01T01:51:51Z,39.640750,-79.959997,0.000000,2130.000000,0.000000,0.000000
2014-11-01T01:52:52Z,39.640750,-79.959997,0.000000,2130.000000,0.000000,0.000000
2014-11-01T01:54:01Z,39.640750,-79.959997,0.000000,2130.000000,0.000000,0.000000
2014-11-01T01:55:01Z,39.640750,-79.959997,0.000000,2130.000000,0.000000,0.000000
2014-11-01T01:56:01Z,39.640750,-79.959997,0.000000,2130.000000,0.000000,0.000000
2014-11-01T01:57:02Z,39.640750,-79.959997,0.000000,2130.000000,0.000000,0.000000
2014-11-01T01:58:02Z,39.640750,-79.959997,0.000000,2130.000000,0.000000,0.000000
2014-11-01T01:59:02Z,39.640750,-79.959997,0.000000,2130.000000,0.000000,0.000000
2014-11-01T02:00:03Z,39.640750,-79.959997,0.000000,2130.000000,0.000000,0.000000
2014-11-01T02:01:03Z,39.640750,-79.959997,0.000000,2130.000000,0.000000,0.000000
2014-11-01T02:02:03Z,39.640750,-79.959997,0.000000,2130.000000,0.000000,0.000000
2014-11-01T02:03:04Z,39.640750,-79.959997,0.000000,2130.000000,0.000000,0.000000
2014-11-01T02:04:04Z,39.640750,-79.959997,0.000000,2130.000000,0.000000,0.000000
2014-11-01T02:05:04Z,39.640750,-79.959997,0.000000,2130.000000,0.000000,0.000000
2014-11-01T02:06:05Z,39.640750,-79.959997,0.000000,2130.000000,0.000000,0.000000
2014-11-01T02:07:05Z,39.640750,-79.959997,0.000000,2130.000000,0.000000,0.000000
2014-11-01T02:08:05Z,39.640750,-79.959997,0.000000,2130.000000,0.000000,0.000000
2014-11-01T02:09:05Z,39.640750,-79.959997,0.000000,2130.000000,0.000000,0.000000
2014-11-01T02:10:26Z,39.640750,-79.959997,0.000000,2130.000000,0.000000,0.000000
2014-11-01T02:11:26Z,39.640750,-79.959997,0.000000,2130.000000,0.000000,0.000000
2014-11-01T02:12:26Z,39.640750,-79.959997,0.000000,2130.000000,0.000000,0.000000
2014-11-01T02:13:26Z,39.640750,-79.959997,0.000000,2130.000000,0.000000,0.000000
2014-11-01T02:14:32Z,39.640750,-79.959997,0.000000,2130.000000,0.000000,0.000000
2014-11-01T02:15:33Z,39.640750,-79.959997,0.000000,2130.000000,0.000000,0.000000
2014-11-01T02:17:06Z,39.640750,-79.959997,0.000000,2130.000000,0.000000,0.000000
2014-11-01T02:18:06Z,39.640750,-79.959997,0.000000,2130.000000,0.000000,0.000000
2014-11-01T02:19:06Z,39.640750,-79.959997,0.000000,2130.000000,0.000000,0.000000
2014-11-01T02:20:07Z,39.640750,-79.959997,0.000000,2130.000000,0.000000,0.000000
2014-11-01T02:21:08Z,39.640750,-79.959997,0.000000,2130.000000,0.000000,0.000000
2014-11-01T02:22:08Z,39.640750,-79.959997,0.000000,2130.000000,0.000000,0.000000
2014-11-01T02:23:08Z,39.640750,-79.959997,0.000000,2130.000000,0.000000,0.000000
2014-11-01T02:24:10Z,39.640750,-79.959997,0.000000,2130.000000,0.000000,0.000000
2014-11-01T02:25:11Z,39.640750,-79.959997,0.000000,2130.000000,0.000000,0.000000
2014-11-01T02:26:12Z,39.640750,-79.959997,0.000000,2130.000000,0.000000,0.000000
2014-11-01T02:27:13Z,39.640750,-79.959997,0.000000,2130.000000,0.000000,0.000000
2014-11-01T02:28:14Z,39.640750,-79.959997,0.000000,2130.000000,0.000000,0.000000
2014-11-01T02:29:14Z,39.640750,-79.959997,0.000000,2130.000000,0.000000,0.000000
2014-11-01T02:30:15Z,39.640750,-79.959997,0.000000,2130.000000,0.000000,0.000000
2014-11-01T02:31:16Z,39.640750,-79.959997,0.000000,2130.000000,0.000000,0.000000
2014-11-01T02:32:17Z,39.640750,-79.959997,0.000000,2130.000000,0.000000,0.000000
2014-11-01T02:33:17Z,39.640750,-79.959997,0.000000,2130.000000,0.000000,0.000000
2014-11-01T02:34:18Z,39.640750,-79.959997,0.000000,2130.000000,0.000000,0.000000
2014-11-01T02:35:18Z,39.640750,-79.959997,0.000000,2130.000000,0.000000,0.000000
2014-11-01T02:36:18Z,39.640750,-79.959997,0.000000,2130.000000,0.000000,0.000000
2014-11-01T02:37:18Z,39.640750,-79.959997,0.000000,2130.000000,0.000000,0.000000
2014-11-01T02:38:19Z,39.627676,-79.982653,0.000000,2507.000000,0.000000,0.000000
2014-11-01T02:39:19Z,39.621143,-79.976693,0.000000,2855.000000,0.000000,0.000000
2014-11-01T02:40:19Z,39.621143,-79.976693,0.000000,2855.000000,0.000000,0.000000
2014-11-01T02:41:20Z,39.629410,-79.986017,0.000000,2612.000000,0.000000,0.000000
2014-11-01T02:42:20Z,39.637676,-79.995340,0.000000,2612.000000,0.000000,0.000000
2014-11-01T02:43:21Z,39.637676,-79.995340,0.000000,2612.000000,0.000000,0.000000
2014-11-01T02:44:22Z,39.637676,-79.995340,0.000000,2612.000000,0.000000,0.000000
2014-11-01T02:45:23Z,39.637676,-79.995340,0.000000,2612.000000,0.000000,0.000000
2014-11-01T02:46:27Z,39.637676,-79.995340,0.000000,2612.000000,0.000000,0.000000
2014-11-01T02:47:28Z,39.637676,-79.995340,0.000000,2612.000000,0.000000,0.000000
2014-11-01T02:48:29Z,39.637676,-79.995340,0.000000,2612.000000,0.000000,0.000000
2014-11-01T02:49:29Z,39.637676,-79.995340,0.000000,2612.000000,0.000000,0.000000
2014-11-01T02:50:29Z,39.637676,-79.995340,0.000000,2612.000000,0.000000,0.000000
2014-11-01T02:51:29Z,39.637676,-79.995340,0.000000,2612.000000,0.000000,0.000000
2014-11-01T02:52:29Z,39.637676,-79.995340,0.000000,2612.000000,0.000000,0.000000
2014-11-01T02:53:30Z,39.637676,-79.995340,0.000000,2612.000000,0.000000,0.000000
2014-11-01T02:54:30Z,39.637676,-79.995340,0.000000,2612.000000,0.000000,0.000000
2014-11-01T02:55:30Z,39.637676,-79.995340,0.000000,2612.000000,0.000000,0.000000
2014-11-01T02:56:31Z,39.637676,-79.995340,0.000000,2612.000000,0.000000,0.000000
2014-11-01T02:57:31Z,39.629410,-79.986017,0.000000,2612.000000,0.000000,0.000000
2014-11-01T02:58:31Z,39.630618,-79.999516,0.000000,2612.000000,0.000000,0.000000
2014-11-01T02:59:31Z,39.637676,-79.995340,0.000000,2612.000000,0.000000,0.000000
2014-11-01T03:00:32Z,39.637676,-79.995340,0.000000,2612.000000,0.000000,0.000000
2014-11-01T03:01:33Z,39.637676,-79.995340,0.000000,2612.000000,0.000000,0.000000
2014-11-01T03:02:35Z,39.639213,-79.977669,0.000000,2130.000000,0.000000,0.000000
2014-11-01T03:03:36Z,39.640750,-79.959997,0.000000,2130.000000,0.000000,0.000000
2014-11-01T03:04:37Z,39.640750,-79.959997,0.000000,2130.000000,0.000000,0.000000
2014-11-01T03:05:37Z,39.640750,-79.959997,0.000000,2130.000000,0.000000,0.000000
2014-11-01T03:06:38Z,39.640750,-79.959997,0.000000,2130.000000,0.000000,0.000000
2014-11-01T03:07:38Z,39.640750,-79.959997,0.000000,2130.000000,0.000000,0.000000
2014-11-01T03:08:39Z,39.640750,-79.959997,0.000000,2130.000000,0.000000,0.000000
2014-11-01T03:09:39Z,39.640750,-79.959997,0.000000,2130.000000,0.000000,0.000000
2014-11-01T03:10:39Z,39.640750,-79.959997,0.000000,2130.000000,0.000000,0.000000
2014-11-01T03:11:40Z,39.640750,-79.959997,0.000000,2130.000000,0.000000,0.000000
2014-11-01T03:12:40Z,39.640750,-79.959997,0.000000,2130.000000,0.000000,0.000000
2014-11-01T03:13:41Z,39.634208,-79.988614,0.000000,2507.000000,0.000000,0.000000
2014-11-01T03:14:42Z,39.634208,-79.988614,0.000000,2507.000000,0.000000,0.000000
2014-11-01T03:15:42Z,39.634208,-79.988614,0.000000,2507.000000,0.000000,0.000000
2014-11-01T03:16:43Z,39.634208,-79.988614,0.000000,2507.000000,0.000000,0.000000
2014-11-01T03:17:44Z,39.634208,-79.988614,0.000000,2507.000000,0.000000,0.000000
2014-11-01T03:18:45Z,39.634208,-79.988614,0.000000,2507.000000,0.000000,0.000000
2014-11-01T03:19:54Z,39.634208,-79.988614,0.000000,2507.000000,0.000000,0.000000
2014-11-01T03:20:55Z,39.634208,-79.988614,0.000000,2507.000000,0.000000,0.000000
2014-11-01T03:21:55Z,39.634208,-79.988614,0.000000,2507.000000,0.000000,0.000000
2014-11-01T03:22:56Z,39.634208,-79.988614,0.000000,2507.000000,0.000000,0.000000
2014-11-01T03:23:57Z,39.634208,-79.988614,0.000000,2507.000000,0.000000,0.000000
2014-11-01T03:24:58Z,39.634208,-79.988614,0.000000,2507.000000,0.000000,0.000000
2014-11-01T03:25:58Z,39.634208,-79.988614,0.000000,2507.000000,0.000000,0.000000
2014-11-01T03:26:58Z,39.634208,-79.988614,0.000000,2507.000000,0.000000,0.000000
2014-11-01T03:27:59Z,39.634208,-79.988614,0.000000,2507.000000,0.000000,0.000000
2014-11-01T03:28:59Z,39.634208,-79.988614,0.000000,2507.000000,0.000000,0.000000
2014-11-01T03:29:59Z,39.634208,-79.988614,0.000000,2507.000000,0.000000,0.000000
2014-11-01T03:31:00Z,39.634208,-79.988614,0.000000,2507.000000,0.000000,0.000000
2014-11-01T03:32:03Z,39.635942,-79.991977,0.000000,2507.000000,0.000000,0.000000
2014-11-01T03:33:06Z,39.623559,-80.003691,0.000000,3331.000000,0.000000,0.000000
2014-11-01T03:34:07Z,39.623559,-80.003691,0.000000,3331.000000,0.000000,0.000000
2014-11-01T03:35:07Z,39.623559,-80.003691,0.000000,3331.000000,0.000000,0.000000
2014-11-01T03:36:07Z,39.623559,-80.003691,0.000000,3331.000000,0.000000,0.000000
2014-11-01T03:37:07Z,39.623559,-80.003691,0.000000,3331.000000,0.000000,0.000000
2014-11-01T03:38:07Z,39.637676,-79.995340,0.000000,2612.000000,0.000000,0.000000
2014-11-01T03:39:08Z,39.637676,-79.995340,0.000000,2612.000000,0.000000,0.000000
2014-11-01T03:40:08Z,39.637676,-79.995340,0.000000,2612.000000,0.000000,0.000000
2014-11-01T03:41:09Z,39.634208,-79.988614,0.000000,2507.000000,0.000000,0.000000
2014-11-01T03:42:10Z,39.637676,-79.995340,0.000000,2612.000000,0.000000,0.000000
2014-11-01T03:43:10Z,39.639182,-79.959924,0.000000,2130.000000,0.000000,0.000000
2014-11-01T03:44:10Z,39.640750,-79.959997,0.000000,2130.000000,0.000000,0.000000
2014-11-01T03:45:11Z,39.640750,-79.959997,0.000000,2130.000000,0.000000,0.000000
2014-11-01T03:46:11Z,39.640750,-79.959997,0.000000,2130.000000,0.000000,0.000000
2014-11-01T03:47:11Z,39.640750,-79.959997,0.000000,2130.000000,0.000000,0.000000
2014-11-01T03:48:12Z,39.640750,-79.959997,0.000000,2130.000000,0.000000,0.000000
2014-11-01T03:49:12Z,39.640750,-79.959997,0.000000,2130.000000,0.000000,0.000000
2014-11-01T03:50:12Z,39.640750,-79.959997,0.000000,2130.000000,0.000000,0.000000
