41.137985666667,-80.158059,6,1417153118
41.1379286,-80.1579644,5,1417153194
41.1379115,-80.158071166667,6,1417154025
41.137929,-80.158065333333,6,1417154086
41.137956,-80.158075833333,6,1417154147
41.137978833333,-80.158081,6,1417154207
41.138045666667,-80.158128333333,6,1417154269
41.138033833333,-80.158093,6,1417154330
41.138093333333,-80.158123666667,6,1417154392
41.1381098,-80.1580832,5,1417154452
41.1381036,-80.1580672,5,1417154517
41.1381172,-80.1580854,5,1417154582
41.1381078,-80.1580734,5,1417154651
41.1381096,-80.1580676,5,1417154722
41.1380952,-80.1580952,5,1417154786
41.1379568,-80.1581004,5,1417154850
41.137996666667,-80.158187666667,6,1417154922
41.137961,-80.1581835,6,1417154987
41.137892833333,-80.1581735,6,1417155052
41.137885333333,-80.158171666667,6,1417155117
41.137804833333,-80.158158,6,1417155183
41.137906833333,-80.158162666667,6,1417155247
41.137924333333,-80.158158833333,6,1417155311
41.1379435,-80.158176833333,6,1417155382
41.1379695,-80.1581715,6,1417155447
41.137946833333,-80.158168,6,1417155511
41.137885833333,-80.158154333333,6,1417155576
41.137839833333,-80.158139666667,6,1417155641
41.137814333333,-80.158126666667,6,1417155705
41.137726166667,-80.158108,6,1417155771
41.137730833333,-80.158104833333,6,1417155835
41.137674833333,-80.158103833333,6,1417155900
41.137716,-80.158110833333,6,1417155964
41.137691833333,-80.158115,6,1417156029
41.137764833333,-80.158128,6,1417156094
41.1376675,-80.158053,6,1417156162
41.1377096,-80.158037,5,1417156230
41.137903,-80.158152333333,3,1417156294
41.137694666667,-80.157977666667,3,1417156358
41.1381115,-80.157756,2,1417157672
41.138156666667,-80.157662666667,3,1417157736
41.13818325,-80.157652,4,1417157800
41.138003,-80.157792,3,1417157865
41.137992333333,-80.157788,3,1417157930
41.138039,-80.157802,3,1417157994
41.1379765,-80.1578985,2,1417158059
41.138173,-80.15769,2,1417158187
41.140999,-80.1568155,2,1417161433
41.141132666667,-80.157047666667,3,1417161502
41.141322666667,-80.157136666667,3,1417161566
41.1410845,-80.1572395,2,1417161630
41.141203,-80.1571705,2,1417161694
41.1417778,-80.157635,5,1417161758
41.141705,-80.15766775,4,1417161894
41.141743,-80.1576818,5,1417161958
41.141708,-80.15766475,4,1417162023
41.14176925,-80.157583,4,1417162101
41.1417958,-80.1575984,5,1417162166
41.141752,-80.1575805,4,1417162231
41.141755666667,-80.157561,3,1417162295
41.14178,-80.15758175,4,1417162363
41.14167925,-80.1577465,4,1417162493
41.14168025,-80.15775225,4,1417162560
41.1417274,-80.1577132,5,1417162829
41.141781,-80.157680833333,6,1417162893
41.141794666667,-80.157684666667,6,1417163027
41.141803333333,-80.157664166667,6,1417163094
41.141897166667,-80.157564166667,6,1417163225
41.141928833333,-80.157534833333,6,1417163419
41.1419305,-80.157558833333,6,1417163479
41.141723666667,-80.157781666667,6,1417163549
41.141622666667,-80.157840833333,6,1417163614
41.1415562,-80.1579438,5,1417163679
41.141483,-80.1577118,5,1417163743
41.14140375,-80.1576515,4,1417163808
41.1414545,-80.1579185,2,1417163868
41.140013333333,-80.156880833333,6,1417165838
41.1399674,-80.1568964,5,1417165900
41.1400004,-80.1569728,5,1417165965
41.1398662,-80.156861,5,1417166027
41.139899,-80.1568782,5,1417166092
41.1398834,-80.1568742,5,1417166152
41.1398322,-80.1569194,5,1417166215
41.1398246,-80.1568316,5,1417166278
41.1398228,-80.1567996,5,1417166342
41.139927666667,-80.156888333333,6,1417166405
41.1399178,-80.1568698,5,1417166470
41.1399476,-80.156886,5,1417166540
41.1399502,-80.1568918,5,1417166601
41.1399292,-80.1568252,5,1417166668
41.1400156,-80.1569116,5,1417166729
41.1400628,-80.1569202,5,1417166794
41.1400898,-80.156927,5,1417166858
41.140019333333,-80.156886,6,1417166921
41.1400785,-80.1569155,6,1417166981
41.1400766,-80.1568914,5,1417167041
41.140168833333,-80.1570825,6,1417167115
41.1401832,-80.1571316,5,1417167179
41.1402225,-80.15718075,4,1417167239
41.140271666667,-80.157287,3,1417167303
41.1402585,-80.157393,2,1417167375
41.140831,-80.158292,4,1417169208
41.1411735,-80.15824,6,1417169271
41.141172,-80.158304666667,6,1417169335
41.141106666667,-80.158366333333,6,1417169398
41.14108,-80.158439166667,6,1417169460
41.1410325,-80.158466,6,1417169529
41.1409038,-80.1585296,5,1417169596
41.1408085,-80.158348,4,1417169659
41.140922666667,-80.158463666667,3,1417169729
41.141024,-80.158364,2,1417169791
41.111408,-80.144129,2,1417172142
41.111408,-80.144129,3,1417172527
41.111408,-80.144129,2,1417172660
40.541555,-80.078461,4,1417174901
40.541555,-80.078461,5,1417174965
40.541555,-80.078461,5,1417175034
40.541555,-80.078461,4,1417175097
40.541555,-80.078461,2,1417175424
40.541555,-80.078461,3,1417175554
40.541555,-80.078461,4,1417175615
40.541555,-80.078461,5,1417175745
40.541555,-80.078461,6,1417175810
40.541555,-80.078461,5,1417175874
40.541555,-80.078461,5,1417175939
40.541555,-80.078461,3,1417176149
40.541555,-80.078461,4,1417176213
40.541555,-80.078461,4,1417176278
40.541555,-80.078461,4,1417176343
40.541555,-80.078461,4,1417176408
40.541555,-80.078461,3,1417176473
39.64565,-79.9607696,5,1417181659
39.6455572,-79.9608494,5,1417181726
39.64557725,-79.96081625,4,1417181796
39.6455065,-79.96085675,4,1417181858
39.6455385,-79.960913,4,1417181922
39.645543333333,-79.960943333333,3,1417181986
39.645489,-79.96095475,4,1417182050
39.6455416,-79.96089,5,1417182120
39.645514,-79.9610364,5,1417182184
39.645536,-79.9609924,5,1417182248
39.6455214,-79.9609676,5,1417182317
39.645514,-79.9610106,5,1417182381
39.6455072,-79.9608682,5,1417182445
39.6455144,-79.9607894,5,1417182509
39.6455306,-79.9607448,5,1417182581
39.645506,-79.9607142,5,1417182644
39.6454824,-79.9607064,5,1417182708
39.645447,-79.9607438,5,1417182770
39.645466,-79.9607192,5,1417182834
39.645453,-79.9607338,5,1417182900
39.6454648,-79.9607302,5,1417182970
39.6454974,-79.9607176,5,1417183034
39.6455234,-79.9607484,5,1417183098
39.645527,-79.9607734,5,1417183165
39.64555775,-79.96078725,4,1417183229
39.64555525,-79.9608325,4,1417183293
39.6455388,-79.9608428,5,1417183359
39.6454236,-79.9608936,5,1417183423
39.645544,-79.9608674,5,1417183501
39.6455836,-79.9608422,5,1417183566
39.6456434,-79.9608058,5,1417183631
39.6457018,-79.9607688,5,1417183698
39.64566,-79.9607498,5,1417183763
39.6455918,-79.9608026,5,1417183922
39.6455192,-79.960901,5,1417184021
39.6455444,-79.9608602,5,1417184105
39.6455924,-79.9607738,5,1417184177
39.6455756,-79.9609446,5,1417184240
39.6455466,-79.9608532,5,1417184303
39.645534,-79.9608174,5,1417184367
39.645585666667,-79.960797833333,6,1417184431
39.645578833333,-79.9607835,6,1417184495
39.645581833333,-79.9607735,6,1417184558
39.645573166667,-79.9607705,6,1417184621
39.645568666667,-79.960778333333,6,1417184684
39.6455626,-79.9607822,5,1417184761
39.6455558,-79.9607896,5,1417184824
39.6455284,-79.9607806,5,1417184885
39.6455234,-79.960788,5,1417184950
39.6455188,-79.9607852,5,1417185017
39.6455585,-79.9607735,6,1417185083
39.6455585,-79.960807,6,1417185177
39.645565666667,-79.960806166667,6,1417185241
39.645588166667,-79.960804833333,6,1417185344
39.645578333333,-79.960810166667,6,1417185421
39.645579,-79.960806833333,6,1417185484
39.6456042,-79.9608202,5,1417185548
39.6456304,-79.9607664,5,1417185612
39.645634,-79.9607614,5,1417185701
39.645631,-79.9607664,5,1417185763
39.6455686,-79.9607958,5,1417185849
39.6455902,-79.9608054,5,1417185917
39.6455755,-79.9607895,6,1417186012
39.6455806,-79.9607782,5,1417186081
39.645564166667,-79.960754333333,6,1417186146
39.6455845,-79.960753666667,6,1417186232
39.645588166667,-79.960793333333,6,1417186296
39.6455895,-79.960778,6,1417186359
39.645589333333,-79.960810166667,6,1417186431
39.645592333333,-79.960841333333,6,1417186501
39.6455744,-79.9608414,5,1417186565
39.6455854,-79.9608106,5,1417186629
39.6455632,-79.9608156,5,1417186693
39.6455604,-79.9607928,5,1417186757
39.645525833333,-79.960774666667,6,1417186862
39.645509166667,-79.960747333333,6,1417186926
39.6454965,-79.960727333333,6,1417186990
39.645491166667,-79.960735333333,6,1417187054
39.645471333333,-79.96066,6,1417187118
39.6455114,-79.960679,5,1417187181
39.6455372,-79.9607184,5,1417187245
39.6455414,-79.9607298,5,1417187311
39.6455306,-79.9607096,5,1417187375
39.6455218,-79.9607482,5,1417187440
39.6455428,-79.960709,5,1417187503
39.6455206,-79.9607158,5,1417187581
39.6455626,-79.9607416,5,1417187673
39.6455998,-79.9607508,5,1417187745
39.6455802,-79.9607844,5,1417187821
39.6456374,-79.9608164,5,1417187886
39.6456074,-79.9608344,5,1417187950
39.6455758,-79.9608756,5,1417188035
39.6455762,-79.9609232,5,1417188097
39.6455624,-79.9608874,5,1417188181
39.6455254,-79.9608612,5,1417188245
39.6455362,-79.960837,5,1417188307
39.6455168,-79.9608158,5,1417188371
39.6455166,-79.960801,5,1417188436
39.645549,-79.960864,5,1417188499
39.6455678,-79.9608972,5,1417188564
39.6455598,-79.9609026,5,1417188677
39.6455656,-79.9608792,5,1417188741
39.6455686,-79.9609146,5,1417188804
39.645588666667,-79.960960166667,6,1417188868
39.6455202,-79.9608728,5,1417188932
39.6455534,-79.9608616,5,1417188996
39.6455766,-79.9608446,5,1417189059
39.6456036,-79.960862,5,1417189141
39.645612,-79.9607908,5,1417189205
39.645620666667,-79.960837666667,6,1417189301
39.645605333333,-79.9608195,6,1417189379
39.645618166667,-79.960822833333,6,1417189450
39.645642,-79.9608314,5,1417189517
39.6456738,-79.9608232,5,1417189581
39.6455898,-79.9608346,5,1417189645
39.645630666667,-79.960900666667,6,1417189722
39.6456075,-79.960899833333,6,1417189784
39.645566666667,-79.960914666667,6,1417189860
39.645568666667,-79.960933333333,6,1417189924
39.645559,-79.9609152,5,1417189987
39.645532,-79.960868,5,1417190082
39.645518,-79.960841,5,1417190145
39.64553775,-79.9607605,4,1417190221
39.6455026,-79.960777,5,1417190285
39.6454732,-79.960805,5,1417190349
39.6454808,-79.960835,5,1417190417
39.6454674,-79.9608894,5,1417190482
39.6454775,-79.960836833333,6,1417190563
39.6454875,-79.960850666667,6,1417190641
39.6454962,-79.9608396,5,1417190714
39.6455168,-79.9608378,5,1417190778
39.6455476,-79.9608678,5,1417190841
39.6455592,-79.9608512,5,1417190904
39.6455698,-79.9608474,5,1417190967
39.645564333333,-79.9608155,6,1417191061
39.645589,-79.9608232,5,1417191125
39.6455782,-79.9608218,5,1417191188
39.6455848,-79.9608168,5,1417191251
39.645564,-79.9608144,5,1417191317
39.645565,-79.9608148,5,1417191399
39.64558,-79.960824,5,1417191463
39.645566,-79.9608154,5,1417191541
39.645569,-79.9608192,5,1417191605
39.645520333333,-79.960795666667,6,1417191689
39.645546833333,-79.960827166667,6,1417191753
39.645551333333,-79.9608225,6,1417191816
39.645552833333,-79.960816666667,6,1417191879
39.6455565,-79.960816333333,6,1417191942
39.6455365,-79.960804666667,6,1417192020
39.645569666667,-79.960806833333,6,1417192097
39.6455518,-79.9608034,5,1417192160
39.6455512,-79.9608098,5,1417192222
39.6455472,-79.9608114,5,1417192342
39.64554,-79.9608316,5,1417192406
39.645483,-79.9607788,5,1417192470
39.6454762,-79.9607712,5,1417192534
39.6454744,-79.960743,5,1417192597
39.6455382,-79.960797,5,1417192661
39.6455964,-79.960835,5,1417192724
39.6456204,-79.9608096,5,1417192817
39.645628,-79.960803,5,1417192881
39.6456195,-79.960803166667,6,1417192945
39.645590833333,-79.960804333333,6,1417193010
39.645586833333,-79.960801166667,6,1417193081
39.645576333333,-79.960820333333,6,1417193146
39.6455784,-79.9608232,5,1417193227
39.6455666,-79.9607532,5,1417193292
39.645551,-79.9607165,6,1417193356
39.6455445,-79.96066975,4,1417193438
39.6455426,-79.9606924,5,1417193502
39.6456155,-79.960614,4,1417193581
39.64563925,-79.96068275,4,1417193648
39.6456246,-79.9607086,5,1417193712
39.6456244,-79.9607072,5,1417193779
39.6455924,-79.9608052,5,1417193843
39.6455954,-79.9608126,5,1417193907
39.6455704,-79.9608276,5,1417193972
39.645571666667,-79.960822333333,6,1417194036
39.645577666667,-79.960822666667,6,1417194101
39.6455466,-79.9608316,5,1417194181
39.6455792,-79.9608106,5,1417194261
39.645581,-79.960816,4,1417194325
39.64558225,-79.9608005,4,1417194390
39.6455852,-79.9608004,5,1417194454
39.64554,-79.9607538,5,1417194519
39.645615,-79.960805,5,1417194584
39.645631,-79.960812,5,1417194661
39.645678833333,-79.960817166667,6,1417194755
39.645627166667,-79.960819666667,6,1417194819
39.6456352,-79.960796,5,1417194884
39.6456234,-79.9608278,5,1417194962
39.6456078,-79.9608322,5,1417195026
39.645603,-79.9608462,5,1417195090
39.645616,-79.9608278,5,1417195160
39.6455902,-79.9608132,5,1417195236
39.645558333333,-79.960767333333,6,1417195303
39.645546,-79.96066,5,1417195381
39.6455552,-79.960581,5,1417195445
39.6455285,-79.960654333333,6,1417195539
39.645600666667,-79.960612666667,6,1417195627
39.645560333333,-79.960721666667,6,1417195692
39.645547166667,-79.960786,6,1417195757
39.645579,-79.960797,5,1417195851
39.6456186,-79.9607932,5,1417195928
39.6455948,-79.960788,5,1417195992
39.6455666,-79.9608086,5,1417196055
39.6455912,-79.9607926,5,1417196119
39.645589833333,-79.9607955,6,1417196182
39.645599833333,-79.9607815,6,1417196282
39.6456,-79.960768666667,6,1417196346
39.6456015,-79.960774833333,6,1417196432
39.6456026,-79.9607762,5,1417196501
39.6456054,-79.9607764,5,1417196564
39.6455716,-79.960809,5,1417196627
39.6455354,-79.9607742,5,1417196717
39.645528,-79.9607636,5,1417196780
39.6455294,-79.960765,5,1417196843
39.6455286,-79.9607496,5,1417196907
39.645608,-79.9607812,5,1417197010
39.645579333333,-79.960761166667,6,1417197104
39.645570166667,-79.960762666667,6,1417197180
39.645568833333,-79.960767,6,1417197242
39.6455646,-79.9607626,5,1417197307
39.6455308,-79.960725,5,1417197371
39.64556,-79.9607746,5,1417197435
39.6455748,-79.960762,5,1417197498
39.645536,-79.9608518,5,1417197563
39.6455354,-79.960874,5,1417197627
39.645526333333,-79.96085,6,1417197691
39.645519,-79.9608172,5,1417197764
39.6455082,-79.9607974,5,1417197840
39.6454932,-79.9607652,5,1417197903
39.645517166667,-79.960811166667,6,1417197987
39.645534166667,-79.960823333333,6,1417198051
39.645543333333,-79.960837666667,6,1417198115
39.645562,-79.960852,5,1417198179
39.645563,-79.96086,5,1417198242
39.6455672,-79.9608056,5,1417198306
39.6455666,-79.9607978,5,1417198381
39.645562,-79.9607938,5,1417198445
39.64557175,-79.9608225,4,1417198519
39.6455608,-79.9608116,5,1417198629
39.6455198,-79.9608458,5,1417198691
39.6455362,-79.96077,5,1417198753
39.645575833333,-79.960816333333,6,1417198818
39.645566833333,-79.960745833333,6,1417198921
39.645565,-79.960725,6,1417198987
39.6455475,-79.9607255,6,1417199049
39.6455416,-79.9607052,5,1417199114
39.6455578,-79.9607442,5,1417199186
39.6455624,-79.9607004,5,1417199250
39.6455644,-79.9606332,5,1417199314
39.6455624,-79.9605902,5,1417199418
39.645555833333,-79.960627666667,6,1417199493
39.645554333333,-79.960664833333,6,1417199556
39.645556666667,-79.960708,6,1417199619
39.645554333333,-79.960707666667,6,1417199682
39.645535,-79.9606845,6,1417199745
39.645529833333,-79.960706,6,1417199821
39.645520166667,-79.960710166667,6,1417199885
39.645514,-79.960723833333,6,1417199949
39.645517666667,-79.960740333333,6,1417200013
39.6455234,-79.9608264,5,1417200082
39.6455306,-79.9607924,5,1417200145
39.6455316,-79.9607866,5,1417200208
39.6455226,-79.960777,5,1417200301
39.645554833333,-79.960729833333,6,1417200370
39.6455618,-79.9607268,5,1417200434
39.6455844,-79.9606962,5,1417200523
39.6455816,-79.9607426,5,1417200619
39.6455784,-79.9607604,5,1417200683
39.6455785,-79.9607695,6,1417200748
39.645587666667,-79.960777833333,6,1417200811
39.645577333333,-79.960799333333,6,1417200875
39.645521666667,-79.960762833333,6,1417200939
39.645527,-79.9607805,6,1417201003
39.6455226,-79.96081,5,1417201081
39.6455258,-79.960812,5,1417201145
39.6455944,-79.9608348,5,1417201217
39.645589666667,-79.960757333333,6,1417201296
39.645572833333,-79.9607125,6,1417201362
39.645550833333,-79.960791833333,6,1417201426
39.645538,-79.960798666667,6,1417201501
39.645542833333,-79.960810666667,6,1417201566
39.645540833333,-79.960836666667,6,1417201630
39.645533833333,-79.960826833333,6,1417201694
39.645512666667,-79.960837833333,6,1417201757
39.6455235,-79.960830833333,6,1417201819
39.645515333333,-79.9608385,6,1417201881
39.645436,-79.960841,6,1417201944
39.645408,-79.960864833333,6,1417202005
39.645455166667,-79.960826333333,6,1417202069
39.645427666667,-79.960840166667,6,1417202133
39.645426666667,-79.960849666667,6,1417202196
39.645498833333,-79.9608565,6,1417202260
39.6455365,-79.960833666667,6,1417202323
39.6455295,-79.960811666667,6,1417202401
39.645544666667,-79.960826833333,6,1417202465
39.6455494,-79.960814,5,1417202549
39.645527,-79.9608394,5,1417202614
39.6455508,-79.9608164,5,1417202678
39.6457042,-79.9609194,5,1417202743
39.645654,-79.960895333333,6,1417202812
39.645624666667,-79.960880166667,6,1417202876
39.645630666667,-79.960876333333,6,1417202940
39.6454212,-79.9607344,5,1417203005
39.645454833333,-79.960739666667,6,1417203068
39.645464333333,-79.9607615,6,1417203132
39.6454655,-79.9607405,6,1417203192
39.645464166667,-79.960744666667,6,1417203253
39.645472,-79.960756666667,6,1417203317
39.645496166667,-79.960752666667,6,1417203393
39.645523333333,-79.960795666667,6,1417203457
39.645526,-79.960834833333,6,1417203520
39.6455296,-79.9608176,5,1417203583
39.645516,-79.960856,5,1417203646
39.6455114,-79.9608492,5,1417203710
39.64552,-79.9608504,5,1417203776
39.645478,-79.960892,5,1417203840
39.6455356,-79.9607898,5,1417203903
39.645541,-79.9607802,5,1417203967
39.645435,-79.9608034,5,1417204030
39.645481,-79.9608032,5,1417204093
39.6455556,-79.9607958,5,1417204156
39.645491,-79.9608134,5,1417204220
39.6454624,-79.9607912,5,1417204283
39.6454402,-79.9608092,5,1417204345
39.6454416,-79.9608358,5,1417204409
39.6454474,-79.9608588,5,1417204473
39.6453924,-79.9608218,5,1417204536
39.6454852,-79.9608046,5,1417204621
39.6455154,-79.960777,5,1417204686
39.645531,-79.96077,5,1417204750
39.6457336,-79.96091,5,1417204817
39.6455772,-79.9607846,5,1417204884
39.6456006,-79.9608408,5,1417204948
39.6456366,-79.9608602,5,1417205011
39.6455996,-79.9608088,5,1417205079
39.6455792,-79.960815,5,1417205142
39.6455815,-79.960815666667,6,1417205206
39.645534833333,-79.960770666667,6,1417205270
39.645543,-79.960777,6,1417205340
39.6455022,-79.960794,5,1417205404
39.6455238,-79.960806,5,1417205468
39.6455244,-79.9608012,5,1417205535
39.645535333333,-79.960821,6,1417205619
39.6454958,-79.9608674,5,1417205684
39.645537,-79.9608268,5,1417205748
39.645508,-79.9608458,5,1417205820
39.6455116,-79.9608304,5,1417205884
39.6454534,-79.960857,5,1417205949
39.6455246,-79.9608732,5,1417206014
39.6455232,-79.9609376,5,1417206079
39.645516166667,-79.960908333333,6,1417206152
39.6455316,-79.960894,5,1417206241
39.6455215,-79.960886333333,6,1417206305
39.645464333333,-79.960888,6,1417206370
39.64547025,-79.9608665,4,1417206446
39.6455276,-79.960824,5,1417206513
39.6454625,-79.960769,6,1417206582
39.6455394,-79.9607792,5,1417206643
39.6455344,-79.960778,5,1417206723
39.6455206,-79.9607748,5,1417206788
39.6455118,-79.9608086,5,1417206859
39.645545,-79.96080325,4,1417206924
39.645584,-79.960863,5,1417207017
39.645552,-79.960824,5,1417207082
39.6455586,-79.9607936,5,1417207145
39.6455526,-79.9608264,5,1417207210
39.6455356,-79.9608352,5,1417207274
39.6455086,-79.9608248,5,1417207339
39.645545333333,-79.9608015,6,1417207422
39.6455658,-79.960816,5,1417207515
39.6455715,-79.960812166667,6,1417207579
39.6455682,-79.9608292,5,1417207653
39.6455482,-79.9607814,5,1417207715
39.645549,-79.9607894,5,1417207800
39.645555666667,-79.960795333333,6,1417207873
39.645573833333,-79.960796666667,6,1417207953
39.645530333333,-79.960869166667,6,1417208017
39.6455755,-79.960825666667,6,1417208106
39.6455438,-79.9608932,5,1417208172
39.6455734,-79.9608056,5,1417208236
39.645568166667,-79.960807666667,6,1417208328
39.64555,-79.960816166667,6,1417208394
39.645554166667,-79.9608145,6,1417208459
39.645567,-79.960812666667,6,1417208553
39.6455734,-79.9607774,5,1417208616
39.64553925,-79.96081125,4,1417208679
39.64555725,-79.96080625,4,1417208771
39.6455255,-79.960819,4,1417208852
39.6454966,-79.9607814,5,1417208937
39.6455168,-79.9607668,5,1417209039
39.6454966,-79.9607884,5,1417209103
39.6454976,-79.9607848,5,1417209177
39.6455752,-79.9608062,5,1417209241
39.645561,-79.9608042,5,1417209313
39.6455686,-79.9608076,5,1417209381
39.645563333333,-79.9608055,6,1417209445
39.645581666667,-79.960796,6,1417209509
39.645571333333,-79.960795166667,6,1417209574
39.6455545,-79.960779,6,1417209638
39.6455476,-79.9607682,5,1417209702
39.6455778,-79.9607164,5,1417209766
39.6455612,-79.9607898,5,1417209831
39.64558,-79.9607918,5,1417209907
39.6455934,-79.9608226,5,1417209971
39.6455696,-79.9608494,5,1417210035
39.6455738,-79.9608166,5,1417210098
39.645579,-79.9608104,5,1417210162
39.6455704,-79.9608054,5,1417210227
39.6455904,-79.9608116,5,1417210291
39.6455828,-79.9608144,5,1417210355
39.6455796,-79.9608144,5,1417210419
39.6455744,-79.9608146,5,1417210484
39.6455722,-79.9608066,5,1417210548
39.6455758,-79.9607558,5,1417210615
39.6455604,-79.9607574,5,1417210790
39.6455638,-79.9607602,5,1417210855
39.645548,-79.9608274,5,1417210918
39.6455306,-79.9607736,5,1417210999
39.6455835,-79.9608165,6,1417211077
39.645584166667,-79.960818333333,6,1417211155
39.6455708,-79.9607862,5,1417211254
39.645576,-79.9607842,5,1417211319
39.6455736,-79.9607812,5,1417211410
39.6455764,-79.9607784,5,1417211475
39.645585,-79.9608124,5,1417211540
39.6455874,-79.9608024,5,1417211603
39.645547,-79.9607744,5,1417211666
39.6455328,-79.9607568,5,1417211730
39.6455738,-79.9607572,5,1417211811
39.6455918,-79.9608132,5,1417211875
39.645584,-79.9608376,5,1417211939
39.6455026,-79.9607238,5,1417212011
39.6454542,-79.960657,5,1417212076
39.6454546,-79.9606592,5,1417212141
39.6454638,-79.9606984,5,1417212205
39.645472,-79.960694,5,1417212269
39.6455598,-79.9608176,5,1417212333
39.6455976,-79.9608712,5,1417212397
39.645599166667,-79.960866166667,6,1417212460
39.6455775,-79.960817666667,6,1417212524
39.6455752,-79.9608202,5,1417212621
39.6455768,-79.960768,5,1417212685
39.6455654,-79.9608124,5,1417212773
39.645572166667,-79.960814666667,6,1417212839
39.6455694,-79.9608154,5,1417212911
39.6455716,-79.9608158,5,1417212975
39.6455722,-79.9608212,5,1417213040
39.6455644,-79.9608228,5,1417213104
39.6455696,-79.960831,5,1417213171
39.64556675,-79.96083,4,1417213235
39.645564,-79.9607876,5,1417213323
39.6455752,-79.9608166,5,1417213397
39.6455872,-79.9608168,5,1417213461
39.6456134,-79.9607834,5,1417213527
39.6455928,-79.9607392,5,1417213591
39.64558775,-79.96072025,4,1417213655
39.6455654,-79.960698,5,1417213734
39.6455226,-79.96079,5,1417213798
39.645591,-79.9609074,5,1417213862
39.645550166667,-79.960930666667,6,1417213950
39.645473333333,-79.960954333333,6,1417214013
39.6453378,-79.9607792,5,1417214077
39.645469666667,-79.960877833333,6,1417214154
39.645537,-79.960877,5,1417214273
39.6455292,-79.9607294,5,1417214338
39.6454868,-79.9607598,5,1417214402
39.6454978,-79.960686,5,1417214466
39.6455126,-79.9607168,5,1417214543
39.6455346,-79.9607726,5,1417214607
39.6455792,-79.9607608,5,1417214671
39.645592,-79.960809,5,1417214738
39.6455756,-79.960805,5,1417214802
39.6455804,-79.9608068,5,1417214873
39.6455478,-79.9608394,5,1417214938
39.645548,-79.9608456,5,1417215030
39.645594,-79.9607728,5,1417215094
39.645588833333,-79.960775333333,6,1417215199
39.6456048,-79.9607516,5,1417215263
39.6456228,-79.9607304,5,1417215352
39.64559125,-79.96079725,4,1417215417
39.6455796,-79.9608062,5,1417215513
39.645593166667,-79.9607895,6,1417215577
39.6455588,-79.960765,5,1417215655
39.645587333333,-79.960809,6,1417215755
39.645576666667,-79.960808833333,6,1417215832
39.645557833333,-79.960832666667,6,1417215896
39.645628333333,-79.960866666667,6,1417215959
39.645524333333,-79.960838166667,6,1417216023
39.645531,-79.9608426,5,1417216110
39.6455686,-79.9607922,5,1417216174
39.645564,-79.9608294,5,1417216237
39.6455694,-79.9607826,5,1417216314
39.645557,-79.9607516,5,1417216378
39.645528,-79.9608296,5,1417216457
39.645577666667,-79.960765,6,1417216521
39.645581666667,-79.960809166667,6,1417216586
39.645579166667,-79.960807666667,6,1417216650
39.645578833333,-79.960849666667,6,1417216714
39.645586,-79.960844333333,6,1417216778
39.645576833333,-79.960843166667,6,1417216853
39.6455888,-79.9608488,5,1417216918
39.64551825,-79.96083,4,1417217000
39.645523,-79.960809,3,1417217064
39.64558125,-79.96073075,4,1417217153
39.6455594,-79.9608172,5,1417217217
39.6455595,-79.960814166667,6,1417217282
39.645595,-79.960809,5,1417217378
39.6456042,-79.960783,5,1417217454
39.6455568,-79.960766,5,1417217518
39.6455612,-79.9607694,5,1417217582
39.6455652,-79.9607706,5,1417217647
39.6455522,-79.9607858,5,1417217712
39.6455844,-79.9607728,5,1417217776
39.6455802,-79.9607748,5,1417217840
39.6455738,-79.960774,5,1417217907
39.6455794,-79.9607718,5,1417217971
39.645577,-79.9608044,5,1417218035
39.645584,-79.960801666667,6,1417218113
39.645583,-79.9608056,5,1417218178
39.645587166667,-79.960807666667,6,1417218250
39.6455905,-79.960803333333,6,1417218330
39.645579666667,-79.960805,6,1417218395
39.645570666667,-79.960809333333,6,1417218473
39.6455615,-79.9608175,6,1417218540
39.645559166667,-79.960815333333,6,1417218605
39.645564166667,-79.960821833333,6,1417218669
39.6455595,-79.960817666667,6,1417218734
39.645598666667,-79.960844166667,6,1417218800
39.645597333333,-79.960789,6,1417218864
39.6455872,-79.9607814,5,1417218931
39.6455134,-79.960771,5,1417219096
39.645536,-79.960781,5,1417219169
39.6455474,-79.9607774,5,1417219233
39.6455386,-79.9607712,5,1417219298
39.645535,-79.9607664,5,1417219363
39.6455406,-79.9607818,5,1417219433
39.6455772,-79.9607744,5,1417219495
39.6455894,-79.960788,5,1417219559
39.6456058,-79.9608136,5,1417219624
39.6456276,-79.960804,5,1417219689
39.6456095,-79.9608105,6,1417219753
39.6455952,-79.9607812,5,1417219818
39.6455346,-79.9608198,5,1417219883
39.6455892,-79.9608138,5,1417219945
39.6455892,-79.9607996,5,1417220010
39.6455972,-79.960795,5,1417220074
39.645598,-79.9607864,5,1417220137
39.6456018,-79.9608034,5,1417220203
39.6455934,-79.9608242,5,1417220280
39.6455892,-79.9608284,5,1417220344
39.6455984,-79.9608242,5,1417220409
39.645587166667,-79.960826,6,1417220474
39.645570333333,-79.9608185,6,1417220539
39.645569,-79.960817833333,6,1417220603
39.6455712,-79.9608098,5,1417220667
39.6455778,-79.9608128,5,1417220731
39.6455626,-79.9607906,5,1417220795
39.6456044,-79.9607694,5,1417220858
39.6455716,-79.9607672,5,1417220922
39.6455816,-79.9607668,5,1417220993
39.645506166667,-79.960758166667,6,1417221069
39.645486666667,-79.960767,6,1417221134
39.6454825,-79.960765,6,1417221198
39.645474166667,-79.9607665,6,1417221293
39.6455,-79.960768166667,6,1417221356
39.645547166667,-79.960789833333,6,1417221420
39.645560333333,-79.960799,6,1417221489
39.6455804,-79.960803,5,1417221562
39.645639,-79.9607888,5,1417221633
39.6455386,-79.9607914,5,1417221720
39.6455854,-79.960792,5,1417221784
39.6455606,-79.960799,5,1417221851
39.6455726,-79.960802,5,1417221928
39.6456008,-79.9608022,5,1417221991
39.6455828,-79.9607744,5,1417222072
39.6455688,-79.9607982,5,1417222137
39.6455506,-79.9608006,5,1417222208
39.6455852,-79.96083,5,1417222293
39.64556375,-79.96081625,4,1417222359
39.645569,-79.960825,3,1417222432
39.645555,-79.960824,2,1417222500
39.6460898,-79.9730232,5,1417225808
39.6460424,-79.9730424,5,1417225868
39.6460114,-79.9729786,5,1417225930
39.6460434,-79.9730354,5,1417225994
39.646025,-79.973003333333,6,1417226055
39.646038166667,-79.973029333333,6,1417226116
39.646023,-79.9729894,5,1417226180
39.6460338,-79.973,5,1417226244
39.6460358,-79.9729966,5,1417226310
39.6460474,-79.9729976,5,1417226374
39.646043,-79.9730016,5,1417226438
39.6460276,-79.9729944,5,1417226510
39.6460268,-79.9729976,5,1417226574
39.646025,-79.9729948,5,1417226642
39.646022166667,-79.972989166667,6,1417226732
39.646020666667,-79.972993666667,6,1417226818
39.646021833333,-79.972988,6,1417226879
39.6460185,-79.972992166667,6,1417226943
39.646024,-79.9729978,5,1417227007
39.6460118,-79.972984,5,1417227093
39.6460104,-79.9729802,5,1417227157
39.646005,-79.97297,5,1417227255
39.6460045,-79.972977166667,6,1417227316
39.646001,-79.972964,5,1417227412
39.645999166667,-79.972968166667,6,1417227496
39.646003,-79.972975166667,6,1417227560
39.646007333333,-79.9729755,6,1417227624
39.646013666667,-79.972981666667,6,1417227689
39.646019333333,-79.972981833333,6,1417227755
39.6460138,-79.9729786,5,1417227856
39.6460152,-79.9729812,5,1417227950
39.6460114,-79.9729788,5,1417228013
39.646015,-79.972979,5,1417228089
39.6460094,-79.9729672,5,1417228154
39.6460108,-79.9729662,5,1417228215
39.646021,-79.9729694,5,1417228307
39.646016,-79.9729654,5,1417228371
39.6460196,-79.9729696,5,1417228436
39.6460156,-79.9729802,5,1417228497
39.6460154,-79.972984,5,1417228557
39.646015,-79.9729948,5,1417228628
39.646011166667,-79.97298,6,1417228694
39.646005,-79.9729818,5,1417228759
39.6460118,-79.9729842,5,1417228824
39.6460074,-79.9729864,5,1417228889
39.6460048,-79.9729768,5,1417228954
39.6460046,-79.9729792,5,1417229018
39.6460052,-79.9729758,5,1417229120
39.6460094,-79.9729782,5,1417229181
39.6460114,-79.9729794,5,1417229243
39.6460078,-79.9729794,5,1417229303
39.646009,-79.9729808,5,1417229369
39.646006,-79.9729668,5,1417229432
39.6460056,-79.9729732,5,1417229516
39.6460126,-79.972974,5,1417229581
39.646014333333,-79.972976833333,6,1417229654
39.646012,-79.972978,6,1417229718
39.646015333333,-79.9729785,6,1417229783
39.646010333333,-79.972978333333,6,1417229847
39.6460088,-79.972984,5,1417229911
39.6460112,-79.9729874,5,1417230007
39.64600025,-79.97298525,4,1417230071
39.646005,-79.9729766,5,1417230143
39.646003666667,-79.972976166667,6,1417230208
39.645999,-79.972976,6,1417230273
39.646000666667,-79.972977666667,6,1417230347
39.646004,-79.972972833333,6,1417230411
39.646005666667,-79.9729765,6,1417230503
39.6460034,-79.9729814,5,1417230569
39.6460148,-79.9729902,5,1417230650
39.6460124,-79.972984,5,1417230714
39.646011,-79.9729904,5,1417230792
39.64602,-79.9730018,5,1417230864
39.64602,-79.973007,5,1417230927
39.6460252,-79.9729956,5,1417230991
39.6460335,-79.9730085,6,1417231070
39.646029166667,-79.972999833333,6,1417231134
39.646038166667,-79.973008166667,6,1417231224
39.646037333333,-79.973009166667,6,1417231289
39.646026,-79.972989333333,6,1417231353
39.646024,-79.972988166667,6,1417231458
39.646009666667,-79.9729635,6,1417231519
39.6460105,-79.972962,6,1417231585
39.646008666667,-79.972961166667,6,1417231649
39.646002166667,-79.972961833333,6,1417231713
39.646,-79.972957833333,6,1417231806
39.646008666667,-79.972969,6,1417231870
39.646005833333,-79.9729705,6,1417231937
39.6460126,-79.9729588,5,1417232030
39.645998333333,-79.972958,6,1417232096
39.645998,-79.972962333333,6,1417232176
39.645989833333,-79.972961,6,1417232241
39.645989833333,-79.972959333333,6,1417232305
39.64599,-79.972957166667,6,1417232369
39.645999666667,-79.972972833333,6,1417232434
39.645999166667,-79.972966333333,6,1417232510
39.646000833333,-79.972967166667,6,1417232574
39.6460542,-79.9730678,5,1417232650
39.6460952,-79.9731498,5,1417232716
39.6460918,-79.9731432,5,1417232780
39.6461118,-79.9731796,5,1417232842
39.6460512,-79.9730458,5,1417232906
39.646046333333,-79.973044333333,6,1417232968
39.646005,-79.972954,6,1417233032
39.646016,-79.9729752,5,1417233097
39.6459988,-79.972936,5,1417233162
39.6460154,-79.97299,5,1417233229
39.646016,-79.9729782,5,1417233292
39.6460128,-79.9729744,5,1417233357
39.6460078,-79.9729654,5,1417233421
39.6460064,-79.9729596,5,1417233485
39.6460066,-79.9729638,5,1417233550
39.6459975,-79.97294975,4,1417233611
39.645996666667,-79.972946666667,3,1417233679
39.6459925,-79.972977,2,1417233745
39.645978,-79.972950333333,3,1417233809
39.64599,-79.972953666667,3,1417233873
39.6459675,-79.97289275,4,1417233938
39.6459686,-79.9728872,5,1417234000
39.6459994,-79.9729396,5,1417234069
39.6460102,-79.972975,5,1417234134
39.6460428,-79.973043,5,1417234195
39.6460556,-79.973069,5,1417234255
39.6460218,-79.9730062,5,1417234319
39.646024,-79.9730004,5,1417234386
39.646026333333,-79.973007333333,6,1417234447
39.6460302,-79.9730156,5,1417234507
39.6460258,-79.9729958,5,1417234572
39.6460212,-79.972989,5,1417234636
39.6460722,-79.9730728,5,1417234700
39.6460698,-79.973085,5,1417234773
39.646019,-79.9729914,5,1417234856
39.6460328,-79.9730154,5,1417234920
39.6459938,-79.9729346,5,1417234993
39.6460272,-79.9730058,5,1417235057
39.64602,-79.972990333333,6,1417235122
39.64602625,-79.9729845,4,1417235210
39.646028333333,-79.972993333333,3,1417235272
39.646022,-79.9729685,2,1417235354
39.6455378,-79.9606628,5,1415227564
39.645482,-79.960733,6,1415227625
39.645483833333,-79.960775333333,6,1415227690
39.6455665,-79.960793833333,6,1415227753
39.645576333333,-79.960738833333,6,1415227820
39.645584166667,-79.960722833333,6,1415227883
39.645645333333,-79.960699833333,6,1415227948
39.645596,-79.960680166667,6,1415228013
39.645533666667,-79.960688833333,6,1415228077
39.645546,-79.960804833333,6,1415228142
39.6456085,-79.960789833333,6,1415228206
39.645602,-79.960857666667,6,1415228271
39.6456085,-79.960837666667,6,1415228337
39.645623333333,-79.960860166667,6,1415228405
39.645603833333,-79.9608845,6,1415228467
39.645517333333,-79.960851833333,6,1415228530
39.6456022,-79.9609592,5,1415228612
39.645601333333,-79.960929833333,6,1415228675
39.6456234,-79.9609182,5,1415228742
39.645567666667,-79.9609145,6,1415228804
39.645471,-79.9607432,5,1415228883
39.6454998,-79.9607516,5,1415228950
39.6454734,-79.9606896,5,1415229015
39.645513166667,-79.960718666667,6,1415229099
39.645502166667,-79.960761,6,1415229164
39.645398166667,-79.960796333333,6,1415229227
39.645472666667,-79.960795333333,6,1415229290
39.645464333333,-79.960797,6,1415229363
39.645373,-79.9607756,5,1415229428
39.6454214,-79.9607486,5,1415229493
39.6455626,-79.9608324,5,1415229558
39.645572333333,-79.960824166667,6,1415229634
39.645566666667,-79.9608225,6,1415229706
39.645526666667,-79.960909,6,1415229769
39.645580166667,-79.960896666667,6,1415229834
39.645518333333,-79.960834833333,6,1415229899
39.6455324,-79.9609068,5,1415229963
39.6455468,-79.9608966,5,1415230027
39.645553,-79.960741,5,1415230091
39.6455762,-79.960789,5,1415230156
39.6456112,-79.9607624,5,1415230219
39.6455868,-79.9607694,5,1415230284
39.6455834,-79.9607962,5,1415230350
39.6455606,-79.9607378,5,1415230412
39.645567,-79.9608408,5,1415230476
39.6455326,-79.9608094,5,1415230541
39.6455378,-79.9608702,5,1415230607
39.645559,-79.96083,5,1415230671
39.64554,-79.96079025,4,1415230736
39.645469,-79.96071475,4,1415230802
39.645423,-79.9607065,4,1415230865
39.6453862,-79.960629,5,1415230930
39.6455842,-79.9606984,5,1415230994
39.6455292,-79.960722,5,1415231058
39.6454978,-79.960754,5,1415231123
39.6455462,-79.9607876,5,1415231187
39.6454922,-79.9608478,5,1415231251
39.6454222,-79.9608134,5,1415231315
39.6455636,-79.9608924,5,1415231381
39.6455892,-79.9610208,5,1415231458
39.6455744,-79.9609584,5,1415231533
39.6455968,-79.9609662,5,1415231595
39.6455888,-79.9609558,5,1415231661
39.645558,-79.9608388,5,1415231726
39.6455928,-79.960848,5,1415231791
39.6455652,-79.9610026,5,1415231855
39.645615,-79.960916,5,1415231920
39.6456506,-79.960844,5,1415231985
39.645633,-79.96085,5,1415232064
39.6456142,-79.9607252,5,1415232128
39.6455952,-79.9607634,5,1415232193
39.645563166667,-79.960839666667,6,1415232260
39.645562333333,-79.960834833333,6,1415232324
39.645561166667,-79.960838166667,6,1415232387
39.6455442,-79.9608118,5,1415232451
39.6455708,-79.9608364,5,1415232515
39.6455242,-79.9609822,5,1415232579
39.6454805,-79.96097275,4,1415232646
39.645371,-79.960958333333,3,1415232733
39.645896166667,-79.966888166667,6,1415235718
39.646016166667,-79.966797333333,6,1415235782
39.646017333333,-79.966788666667,6,1415235847
39.6460152,-79.9667876,5,1415235915
39.6460126,-79.966787,5,1415235980
39.6460162,-79.9667972,5,1415236044
39.6460116,-79.9668018,5,1415236108
39.646019,-79.9667968,5,1415236173
39.646023,-79.9668018,5,1415236237
39.6460186,-79.9667992,5,1415236301
39.6460154,-79.9667904,5,1415236363
39.6460192,-79.9667948,5,1415236427
39.6460222,-79.9667952,5,1415236491
39.6460256,-79.9667926,5,1415236555
39.646025,-79.966801,6,1415236619
39.6460202,-79.966793,5,1415236684
39.6460192,-79.9667934,5,1415236749
39.6460192,-79.9667922,5,1415236814
39.6460118,-79.9667824,5,1415236879
39.6460106,-79.9667784,5,1415236944
39.6460134,-79.9667836,5,1415237010
39.646014,-79.9667848,5,1415237075
39.646013,-79.9667784,5,1415237140
39.6460128,-79.9667768,5,1415237204
39.6460166,-79.9667816,5,1415237268
39.6460192,-79.9667838,5,1415237331
39.6460186,-79.9667862,5,1415237395
39.64602,-79.9667848,5,1415237459
39.6460166,-79.9667822,5,1415237522
39.6460174,-79.9667854,5,1415237586
39.646011,-79.9667862,5,1415237650
39.6460106,-79.9667894,5,1415237714
39.6460102,-79.9667902,5,1415237779
39.646011,-79.9667888,5,1415237843
39.6460144,-79.9667896,5,1415237907
39.6460138,-79.9667874,5,1415237971
39.6460168,-79.9667798,5,1415238035
39.6460212,-79.9667868,5,1415238099
39.6460198,-79.9667856,5,1415238163
39.646016,-79.9667872,5,1415238227
39.6460154,-79.9667962,5,1415238291
39.6460148,-79.9667946,5,1415238355
39.646021,-79.9667966,5,1415238420
39.646023,-79.9667958,5,1415238484
39.646025,-79.9667896,5,1415238548
39.6460258,-79.9667896,5,1415238613
39.6460204,-79.9667892,5,1415238677
39.6460182,-79.9667892,5,1415238741
39.6460136,-79.966788,5,1415238805
39.6460124,-79.9667856,5,1415238869
39.6460086,-79.9667852,5,1415238933
39.6460086,-79.9667866,5,1415238997
39.6460056,-79.966784,5,1415239061
39.6460056,-79.9667808,5,1415239125
39.6460104,-79.9667848,5,1415239189
39.646013,-79.9667868,5,1415239253
39.646011,-79.966784,5,1415239317
39.646011,-79.9667852,5,1415239381
39.6460086,-79.9667832,5,1415239445
39.646013,-79.9667816,5,1415239509
39.6460116,-79.9667796,5,1415239573
39.646013,-79.9667844,5,1415239637
39.646013,-79.9667796,5,1415239701
39.6460094,-79.966781,5,1415239765
39.6460128,-79.9667836,5,1415239829
39.646013,-79.9667794,5,1415239893
39.646013,-79.9667808,5,1415239957
39.646021,-79.966779,5,1415240021
39.646019,-79.9667828,5,1415240085
39.6460208,-79.9667832,5,1415240153
39.6460198,-79.9667824,5,1415240217
39.6460152,-79.9667836,5,1415240281
39.6460172,-79.966783,5,1415240345
39.6460166,-79.9667862,5,1415240409
39.646019,-79.966784,5,1415240473
39.6460168,-79.9667828,5,1415240538
39.6460164,-79.9667868,5,1415240602
39.646018,-79.9667818,5,1415240666
39.6460178,-79.9667804,5,1415240729
39.6460156,-79.9667878,5,1415240793
39.6460204,-79.9667996,5,1415240857
39.6460204,-79.9667948,5,1415240921
39.64602,-79.9668008,5,1415240985
39.6460214,-79.966804,5,1415241049
39.646021,-79.9667972,5,1415241113
39.6460224,-79.966794,5,1415241177
39.6460224,-79.9667912,5,1415241241
39.646019,-79.9667918,5,1415241305
39.646015,-79.9667848,5,1415241369
39.6460136,-79.966781,5,1415241433
39.6460146,-79.9667808,5,1415241497
39.6460162,-79.9667838,5,1415241561
39.6460154,-79.9667834,5,1415241625
39.6460184,-79.9667846,5,1415241689
39.646014,-79.9667856,5,1415241753
39.6460138,-79.9667894,5,1415241817
39.6460138,-79.9667914,5,1415241881
39.6460158,-79.9667952,5,1415241945
39.6460204,-79.966796,5,1415242009
39.6460304,-79.9668022,5,1415242074
39.6460242,-79.9667968,5,1415242138
39.6460266,-79.9667946,5,1415242202
39.6460236,-79.9667926,5,1415242267
39.6460198,-79.966787,5,1415242331
39.646021,-79.9667868,5,1415242395
39.6460418,-79.9668278,5,1415242459
39.6460254,-79.9669562,5,1415242523
39.64596,-79.9671018,5,1415242587
39.6458886,-79.96725,5,1415242651
39.6457948,-79.9673564,5,1415242716
39.6458272,-79.9673088,5,1415242781
39.6458712,-79.9672238,5,1415242844
39.645918833333,-79.967175666667,6,1415242908
39.645988833333,-79.967066333333,6,1415242972
39.646056833333,-79.966965,6,1415243036
39.6460338,-79.9669522,5,1415243100
39.6460045,-79.967034333333,6,1415243164
39.645924333333,-79.967128166667,6,1415243228
39.645854166667,-79.967225666667,6,1415243292
39.645779,-79.967359166667,6,1415243356
39.645811166667,-79.9672655,6,1415243420
39.645885833333,-79.967008666667,6,1415243484
39.645925,-79.966732166667,6,1415243548
39.6459696,-79.9665816,5,1415243612
39.64606675,-79.96630875,4,1415243676
39.646060666667,-79.966177,3,1415243740
39.6456398,-79.9607804,5,1415246214
39.6455928,-79.9608608,5,1415246280
39.6456126,-79.9608396,5,1415246343
39.645608,-79.9608202,5,1415246408
39.6456038,-79.9608256,5,1415246472
39.645619,-79.9608188,5,1415246536
39.6456078,-79.9608286,5,1415246601
39.6456184,-79.9607882,5,1415246666
39.6455958,-79.960822,5,1415246728
39.6455692,-79.960837,5,1415246793
39.6455704,-79.9608386,5,1415246857
39.645578333333,-79.960835666667,6,1415246921
39.645567166667,-79.960869333333,6,1415246985
39.6455624,-79.9608736,5,1415247049
39.64556025,-79.960836,4,1415247113
39.6455525,-79.96082625,4,1415247178
39.64556125,-79.960841,4,1415247242
39.6455955,-79.960813,4,1415247306
39.6456022,-79.9608412,5,1415247370
39.6456066,-79.9608606,5,1415247434
39.6456122,-79.9608594,5,1415247498
39.6455828,-79.960867,5,1415247563
39.6455666,-79.9608374,5,1415247627
39.6455722,-79.9608168,5,1415247691
39.6455598,-79.9608196,5,1415247755
39.6455732,-79.960818,5,1415247819
39.6455802,-79.9608184,5,1415247883
39.6455762,-79.960817,5,1415247947
39.6455796,-79.9608228,5,1415248011
39.6455756,-79.9608306,5,1415248077
39.6455824,-79.960821,5,1415248140
39.6455804,-79.9608206,5,1415248204
39.6455768,-79.9608146,5,1415248269
39.6455942,-79.960842,5,1415248335
39.6455804,-79.960824,5,1415248399
39.6455732,-79.9608102,5,1415248464
39.645581,-79.9608274,5,1415248527
39.6456046,-79.960859,5,1415248593
39.6455716,-79.9608402,5,1415248656
39.6455608,-79.960813,5,1415248722
39.6455814,-79.9608564,5,1415248792
39.6455856,-79.960901,5,1415248881
39.645566,-79.9608604,5,1415248945
39.645581833333,-79.9608585,6,1415249016
39.64555,-79.960854666667,6,1415249082
39.645562833333,-79.960898166667,6,1415249221
39.645536333333,-79.9609445,6,1415249287
39.645510333333,-79.960972833333,6,1415249351
39.6455135,-79.961002166667,6,1415249415
39.6455245,-79.960928,6,1415249478
39.645518666667,-79.960916333333,6,1415249542
39.645525166667,-79.960851666667,6,1415249606
39.645554833333,-79.960817333333,6,1415249671
39.645562166667,-79.960824666667,6,1415249733
39.645574333333,-79.960829166667,6,1415249794
39.645579666667,-79.960833,6,1415249861
39.6455695,-79.960822166667,6,1415249923
39.645573333333,-79.960827833333,6,1415249987
39.645576333333,-79.960827333333,6,1415250051
39.645574166667,-79.9608205,6,1415250120
39.6455765,-79.960818,6,1415250186
39.645588166667,-79.960829333333,6,1415250250
39.6455895,-79.960840833333,6,1415250312
39.6455915,-79.960836333333,6,1415250389
39.645587833333,-79.960844666667,6,1415250454
39.6455775,-79.9608275,6,1415250521
39.6455645,-79.960823833333,6,1415250583
39.645561,-79.960821833333,6,1415250652
39.6455445,-79.9608145,6,1415250720
39.645544333333,-79.960807833333,6,1415250788
39.645567833333,-79.960830333333,6,1415250852
39.645572833333,-79.960822666667,6,1415250915
39.645557666667,-79.960817333333,6,1415250982
39.645585833333,-79.9608425,6,1415251047
39.645551166667,-79.960811833333,6,1415251109
39.645539666667,-79.960819666667,6,1415251176
39.645506166667,-79.960883333333,6,1415251241
39.6455435,-79.960814166667,6,1415251305
39.645518666667,-79.9608725,6,1415251374
39.6455558,-79.9608826,5,1415251442
39.645622666667,-79.960815166667,6,1415251504
39.645612,-79.960804333333,6,1415251569
39.6456166,-79.960802,5,1415251634
39.645627,-79.9608028,5,1415251696
39.645616166667,-79.9608015,6,1415251760
39.645576333333,-79.960841,6,1415251824
39.645576333333,-79.960847833333,6,1415251888
39.645574333333,-79.960850166667,6,1415251952
39.6455715,-79.960826666667,6,1415252019
39.6455825,-79.960839666667,6,1415252082
39.645579166667,-79.960831,6,1415252147
39.645581833333,-79.960830833333,6,1415252211
39.645574166667,-79.960832,6,1415252276
39.6455735,-79.960844,6,1415252340
39.645577,-79.9608465,6,1415252404
39.645577666667,-79.9608425,6,1415252468
39.645573833333,-79.9608445,6,1415252532
39.6455638,-79.9608236,5,1415252599
39.6455662,-79.9608268,5,1415252663
39.645580333333,-79.960839,6,1415252725
39.645561,-79.9608278,5,1415252792
39.6455792,-79.9608384,5,1415252854
39.6455812,-79.960842,5,1415252919
39.6455808,-79.9608456,5,1415252983
39.6455748,-79.9608432,5,1415253047
39.64557,-79.960845,5,1415253112
39.6455352,-79.960821,5,1415253178
39.6455854,-79.9608426,5,1415253242
39.645594,-79.9608468,5,1415253306
39.6455918,-79.9608444,5,1415253370
39.645589,-79.9608442,5,1415253431
39.6455814,-79.9608516,5,1415253496
39.6456352,-79.96081,5,1415253561
39.645585,-79.9608342,5,1415253626
39.6455778,-79.9608306,5,1415253691
39.6455748,-79.96083,5,1415253755
39.6455716,-79.9608198,5,1415253820
39.6455734,-79.9608392,5,1415253884
39.645585,-79.9608288,5,1415253948
39.6455744,-79.9608174,5,1415254013
39.645573,-79.9608136,5,1415254078
39.6455698,-79.9608228,5,1415254142
39.6455452,-79.9608326,5,1415254207
39.645554,-79.9608428,5,1415254272
39.645558,-79.9608448,5,1415254333
39.6455616,-79.9608598,5,1415254397
39.645557,-79.9608906,5,1415254462
39.6455572,-79.9608896,5,1415254526
39.6455698,-79.9609128,5,1415254590
39.6455754,-79.9608934,5,1415254654
39.6456574,-79.9609072,5,1415254718
39.645639833333,-79.9608955,6,1415254782
39.6456455,-79.960891333333,6,1415254846
39.6456315,-79.960871666667,6,1415254911
39.645617833333,-79.960877166667,6,1415254975
39.645573666667,-79.960831333333,6,1415255039
39.6455805,-79.960805666667,6,1415255103
39.645598333333,-79.960808166667,6,1415255167
39.645602666667,-79.960802333333,6,1415255231
39.645603333333,-79.960794333333,6,1415255295
39.645600666667,-79.960798333333,6,1415255359
39.645605833333,-79.960829833333,6,1415255424
39.645596833333,-79.960824833333,6,1415255488
39.645645833333,-79.960863833333,6,1415255552
39.645667833333,-79.960895166667,6,1415255616
39.645656833333,-79.960896833333,6,1415255680
39.645633666667,-79.960875666667,6,1415255744
39.645628166667,-79.9608945,6,1415255808
39.645573166667,-79.960844166667,6,1415255872
39.6455524,-79.9608132,5,1415255936
39.6455626,-79.9608258,5,1415256000
39.6455604,-79.9608234,5,1415256065
39.6455418,-79.9608262,5,1415256128
39.64554,-79.9608254,5,1415256193
39.645514,-79.9608426,5,1415256260
39.6455352,-79.960868,5,1415256322
39.6455626,-79.960883,5,1415256386
39.6455894,-79.9608926,5,1415256453
39.6455772,-79.9609068,5,1415256516
39.6456096,-79.9608274,5,1415256593
39.645603,-79.9608546,5,1415256658
39.6455918,-79.9608114,5,1415256721
39.6456208,-79.9609248,5,1415256787
39.6455166,-79.9608652,5,1415256850
39.645544,-79.9608706,5,1415256914
39.6455866,-79.9608918,5,1415256983
39.645583,-79.9608544,5,1415257047
39.6456282,-79.9608674,5,1415257111
39.6456306,-79.9608076,5,1415257182
39.6456048,-79.9608328,5,1415257247
39.6455816,-79.960871,5,1415257313
39.6455594,-79.9608798,5,1415257379
39.6455534,-79.9608836,5,1415257441
39.6455554,-79.9608566,5,1415257507
39.6455546,-79.9608006,5,1415257571
39.6456166,-79.9608276,5,1415257635
39.645646,-79.9608904,5,1415257699
39.6456428,-79.9609142,5,1415257762
39.645637166667,-79.960921,6,1415257826
39.645641666667,-79.9609295,6,1415257892
39.645632833333,-79.960941333333,6,1415257956
39.645588,-79.9608932,5,1415258052
39.6455718,-79.9608814,5,1415258116
39.645547,-79.960888,5,1415258183
39.6455226,-79.9608702,5,1415258246
39.6455376,-79.9608594,5,1415258310
39.6455336,-79.9608814,5,1415258376
39.6455186,-79.9608476,5,1415258441
39.645511666667,-79.960849666667,6,1415258513
39.645515,-79.960863666667,6,1415258579
39.645495166667,-79.960874833333,6,1415258642
39.6455,-79.960886833333,6,1415258709
39.645534333333,-79.960881166667,6,1415258771
39.645565,-79.960906833333,6,1415258838
39.645539,-79.960849,6,1415258903
39.6455745,-79.960860666667,6,1415258964
39.645628833333,-79.9608455,6,1415259032
39.645573166667,-79.960827333333,6,1415259098
39.64556,-79.960847,6,1415259163
39.645561833333,-79.960837666667,6,1415259236
39.645567333333,-79.960829166667,6,1415259298
39.645551833333,-79.960862,6,1415259360
39.645553,-79.960825833333,6,1415259427
39.645569,-79.960757333333,6,1415259491
39.6455625,-79.960743333333,6,1415259554
39.645571333333,-79.960782666667,6,1415259631
39.645568,-79.960777,6,1415259698
39.6456125,-79.960850833333,6,1415259763
39.645585333333,-79.960845,6,1415259834
39.645579,-79.960839,6,1415259899
39.645573,-79.960817166667,6,1415259963
39.645567333333,-79.960832166667,6,1415260030
39.645563,-79.960831,6,1415260094
39.645569666667,-79.960834833333,6,1415260156
39.645565333333,-79.960836833333,6,1415260221
39.645529333333,-79.960828833333,6,1415260286
39.645543,-79.960857333333,6,1415260352
39.645550333333,-79.960857333333,6,1415260416
39.645543833333,-79.9608695,6,1415260482
39.645552833333,-79.960871333333,6,1415260546
39.64558,-79.9608735,6,1415260610
39.645569,-79.960874166667,6,1415260676
39.645593833333,-79.960850666667,6,1415260739
39.6455695,-79.960857333333,6,1415260805
39.645566333333,-79.960856833333,6,1415260867
39.645557666667,-79.9608555,6,1415260932
39.6455824,-79.9608416,5,1415260994
39.6455574,-79.9608582,5,1415261060
39.6455805,-79.960857333333,6,1415261124
39.645529333333,-79.960872666667,6,1415261190
39.645545666667,-79.9609035,6,1415261257
39.645564333333,-79.960864,6,1415261320
39.645568666667,-79.960830333333,6,1415261386
39.6455666,-79.9608596,5,1415261457
39.645574,-79.9607048,5,1415261521
39.645568,-79.960736666667,6,1415261587
39.6455732,-79.9607202,5,1415261652
39.6455738,-79.9607232,5,1415261717
39.6455764,-79.9608494,5,1415261780
39.6455764,-79.9608498,5,1415261844
39.6455702,-79.9608444,5,1415261911
39.6455712,-79.9608334,5,1415261975
39.6455744,-79.9608338,5,1415262039
39.6455788,-79.9608262,5,1415262113
39.6455874,-79.9608316,5,1415262177
39.6455932,-79.9608382,5,1415262241
39.6455476,-79.9608504,5,1415262305
39.6455414,-79.9608106,5,1415262374
39.6455432,-79.960829,5,1415262439
39.6455588,-79.9607884,5,1415262502
39.6456176,-79.9607856,5,1415262568
39.6455718,-79.9608142,5,1415262631
39.6455698,-79.9608318,5,1415262697
39.645539,-79.960839,5,1415262761
39.645513166667,-79.960885333333,6,1415262834
39.645526833333,-79.960901166667,6,1415262898
39.6455252,-79.9609054,5,1415262962
39.6455256,-79.9609014,5,1415263027
39.645533,-79.960908,5,1415263096
39.6455462,-79.9609064,5,1415263161
39.6455474,-79.9608864,5,1415263223
39.6455314,-79.960906,5,1415263289
39.6455494,-79.960882,5,1415263351
39.6455716,-79.9608466,5,1415263417
39.6455834,-79.9608396,5,1415263482
39.645584333333,-79.960740166667,6,1415263557
39.645583,-79.9608465,6,1415263622
39.6455695,-79.960828166667,6,1415263685
39.645568833333,-79.960841333333,6,1415263754
39.6455654,-79.9608372,5,1415263818
39.6455676,-79.9608412,5,1415263884
39.6455692,-79.9608368,5,1415263946
39.6455838,-79.9608512,5,1415264014
39.64558,-79.960808,5,1415264078
39.645574833333,-79.9608105,6,1415264152
39.645574833333,-79.960808,6,1415264217
39.645568,-79.9607992,5,1415264291
39.6455502,-79.9608554,5,1415264355
39.6456,-79.9607874,5,1415264419
39.645588333333,-79.960809833333,6,1415264483
39.645576333333,-79.9608345,6,1415264545
39.645576,-79.9608385,6,1415264609
39.645561666667,-79.960832333333,6,1415264676
39.645563166667,-79.9608345,6,1415264740
39.645569833333,-79.960837666667,6,1415264802
39.645560333333,-79.960852166667,6,1415264867
39.6455465,-79.960884,6,1415264932
39.6455735,-79.960841666667,6,1415264995
39.645564833333,-79.960830833333,6,1415265063
39.6455585,-79.960814166667,6,1415265131
39.645505833333,-79.960895333333,6,1415265202
39.645532166667,-79.960853666667,6,1415265264
39.645541,-79.9608596,5,1415265362
39.6455434,-79.9608892,5,1415265427
39.645579,-79.9608364,5,1415265491
39.645555,-79.960844,6,1415265573
39.6455445,-79.960870666667,6,1415265637
39.645542333333,-79.960886666667,6,1415265713
39.645523333333,-79.960892166667,6,1415265779
39.6455335,-79.9609035,6,1415265841
39.6455506,-79.9608986,5,1415265953
39.64555,-79.9609122,5,1415266019
39.6455452,-79.9609046,5,1415266081
39.6455238,-79.9608836,5,1415266146
39.645539,-79.9609074,5,1415266213
39.6455566,-79.9608816,5,1415266291
39.6455406,-79.9608632,5,1415266356
39.6455476,-79.9608502,5,1415266420
39.645542333333,-79.960837833333,6,1415266488
39.645549,-79.9608345,6,1415266553
39.645543666667,-79.9608485,6,1415266620
39.645550166667,-79.960854833333,6,1415266683
39.645555166667,-79.960856833333,6,1415266748
39.645560166667,-79.960854,6,1415266812
39.645560333333,-79.960859166667,6,1415266877
39.645565,-79.960861,6,1415266941
39.645573666667,-79.960868166667,6,1415267005
39.645566666667,-79.960862666667,6,1415267080
39.6455745,-79.960844666667,6,1415267145
39.645568166667,-79.960834333333,6,1415267215
39.6455388,-79.9609108,5,1415267277
39.645573,-79.9608296,5,1415267341
39.6455684,-79.960842,5,1415267405
39.645567,-79.9608396,5,1415267470
39.6455742,-79.9608488,5,1415267534
39.6455882,-79.9608506,5,1415267599
39.645573166667,-79.960899166667,6,1415267663
39.6455892,-79.960928,5,1415267726
39.645588666667,-79.960900666667,6,1415267802
39.6455745,-79.960876833333,6,1415267866
39.6455832,-79.960856,5,1415267934
39.645563,-79.960833833333,6,1415268008
39.6455615,-79.960837666667,6,1415268072
39.6455565,-79.960847666667,6,1415268136
39.645564666667,-79.960837666667,6,1415268200
39.645572333333,-79.960830166667,6,1415268263
39.645571,-79.960833833333,6,1415268327
39.645546666667,-79.960840333333,6,1415268395
39.6455805,-79.960819833333,6,1415268458
39.645564333333,-79.960824166667,6,1415268524
39.645572666667,-79.960809333333,6,1415268586
39.645582666667,-79.960800333333,6,1415268651
39.6455795,-79.960797166667,6,1415268714
39.645589333333,-79.960802,6,1415268779
39.645581,-79.960840833333,6,1415268844
39.645600333333,-79.960827,6,1415268906
39.6455986,-79.9608304,5,1415268971
39.645601666667,-79.96084,6,1415269038
39.645610166667,-79.960848166667,6,1415269102
39.6456252,-79.9608104,5,1415269161
39.6455732,-79.9608092,5,1415269225
39.6455745,-79.960819833333,6,1415269313
39.645567166667,-79.960835333333,6,1415269378
39.645544166667,-79.960853,6,1415269444
39.645574333333,-79.960849333333,6,1415269507
39.6456055,-79.960880333333,6,1415269571
39.645614166667,-79.960882333333,6,1415269636
39.645596333333,-79.960868,6,1415269700
39.645619833333,-79.960897666667,6,1415269762
39.6456135,-79.960859666667,6,1415269826
39.645574833333,-79.9608415,6,1415269890
39.645562,-79.9608325,6,1415269955
39.645564666667,-79.960849333333,6,1415270034
39.645562,-79.960845833333,6,1415270098
39.6455655,-79.9608485,6,1415270165
39.645588666667,-79.9608385,6,1415270229
39.6455815,-79.9608075,6,1415270291
39.645587,-79.960839833333,6,1415270354
39.645568666667,-79.960858166667,6,1415270417
39.645566833333,-79.960868666667,6,1415270480
39.645562166667,-79.960846833333,6,1415270543
39.64555,-79.960828333333,6,1415270608
39.645552666667,-79.960845666667,6,1415270670
39.6455735,-79.960824833333,6,1415270735
39.645585333333,-79.960823166667,6,1415270800
39.645588333333,-79.960833333333,6,1415270864
39.645581666667,-79.960864166667,6,1415270935
39.645604666667,-79.960857,6,1415270999
39.645624333333,-79.960872333333,6,1415271072
39.645631,-79.9608735,6,1415271137
39.645632166667,-79.960875833333,6,1415271200
39.645588666667,-79.960875333333,6,1415271262
39.64561,-79.960866666667,6,1415271326
39.645592666667,-79.960837833333,6,1415271390
39.645574333333,-79.960853,6,1415271455
39.645559833333,-79.960843166667,6,1415271519
39.645564,-79.960843333333,6,1415271583
39.645611666667,-79.9608605,6,1415271648
39.645588666667,-79.960857,6,1415271713
39.645587166667,-79.960877666667,6,1415271778
39.645594666667,-79.960896166667,6,1415271842
39.645588666667,-79.960889833333,6,1415271906
39.6455855,-79.960899666667,6,1415271972
39.645583333333,-79.960866166667,6,1415272040
39.645576333333,-79.960863666667,6,1415272105
39.6455805,-79.9608595,6,1415272170
39.645573666667,-79.960853833333,6,1415272235
39.645591,-79.960867833333,6,1415272315
39.645562833333,-79.960872833333,6,1415272378
39.6455765,-79.960855166667,6,1415272440
39.645558,-79.960862166667,6,1415272506
39.645573,-79.9608435,6,1415272569
39.6455805,-79.960829333333,6,1415272633
39.645563,-79.960828,6,1415272698
39.645590666667,-79.960841,6,1415272760
39.645586166667,-79.960848666667,6,1415272825
39.645598666667,-79.960859,6,1415272891
39.6455865,-79.9608445,6,1415272953
39.645585666667,-79.960856333333,6,1415273018
39.645594666667,-79.960865666667,6,1415273085
39.645585833333,-79.9608855,6,1415273152
39.645544333333,-79.960878333333,6,1415273216
39.645528166667,-79.960886666667,6,1415273279
39.645517333333,-79.960934166667,6,1415273343
39.645501833333,-79.960953833333,6,1415273407
39.645517333333,-79.960934833333,6,1415273472
39.645540333333,-79.960923,6,1415273536
39.645548333333,-79.960906166667,6,1415273606
39.645532166667,-79.960858666667,6,1415273670
39.645537666667,-79.9608245,6,1415273735
39.645528833333,-79.960863833333,6,1415273799
39.645509,-79.9608725,6,1415273864
39.645512,-79.960875666667,6,1415273936
39.645534833333,-79.960842,6,1415273998
39.645512,-79.960889333333,6,1415274063
39.64553,-79.960875333333,6,1415274128
39.645539666667,-79.960876,6,1415274194
39.6455185,-79.960820166667,6,1415274259
39.645518666667,-79.9608135,6,1415274322
39.6455505,-79.960791666667,6,1415274388
39.645551166667,-79.960778166667,6,1415274451
39.645566333333,-79.9607805,6,1415274515
39.645583166667,-79.960841666667,6,1415274580
39.645581666667,-79.960842166667,6,1415274644
39.6455685,-79.9608305,6,1415274713
39.645560166667,-79.960788666667,6,1415274777
39.6455635,-79.960788833333,6,1415274842
39.645545833333,-79.960782166667,6,1415274907
39.6455465,-79.960782666667,6,1415274971
39.6455636,-79.9607806,5,1415275036
39.645576666667,-79.960845,6,1415275106
39.6455682,-79.9608394,5,1415275169
39.6455915,-79.960893833333,6,1415275236
39.645596333333,-79.960893,6,1415275300
39.6456145,-79.960894833333,6,1415275363
39.6456148,-79.9609592,5,1415275426
39.6455836,-79.9609034,5,1415275494
39.6455216,-79.9608058,5,1415275557
39.645532,-79.9608122,5,1415275620
39.6455414,-79.9608058,5,1415275685
39.6455304,-79.960836,5,1415275750
39.6455808,-79.9608236,5,1415275813
39.6455486,-79.9608346,5,1415275876
39.645536,-79.9608262,5,1415275940
39.6455538,-79.9608018,5,1415276003
39.6455368,-79.9608,5,1415276083
39.6455016,-79.9608464,5,1415276149
39.6455732,-79.9608184,5,1415276211
39.645573,-79.9608162,5,1415276275
39.6455686,-79.960758,5,1415276340
39.6455744,-79.9608146,5,1415276403
39.6455234,-79.960804,5,1415276468
39.645534,-79.9608052,5,1415276532
39.645544,-79.9608036,5,1415276596
39.6455614,-79.9608254,5,1415276661
39.6455816,-79.9608398,5,1415276725
39.6455454,-79.9608302,5,1415276791
39.6455626,-79.9607854,5,1415276855
39.6455824,-79.9608316,5,1415276919
39.645552333333,-79.960826666667,6,1415276991
39.645567833333,-79.960831166667,6,1415277054
39.6455685,-79.960831,6,1415277137
39.645569666667,-79.960829833333,6,1415277202
39.645575833333,-79.960826833333,6,1415277270
39.645601333333,-79.9608645,6,1415277335
39.645575666667,-79.960831,6,1415277398
39.6455815,-79.960830166667,6,1415277462
39.645566166667,-79.9608225,6,1415277528
39.645563666667,-79.960823666667,6,1415277595
39.6455832,-79.9608388,5,1415277673
39.645601166667,-79.960890333333,6,1415277737
39.6455998,-79.9609018,5,1415277802
39.6456064,-79.960899,5,1415277866
39.6455826,-79.9608928,5,1415277933
39.6455652,-79.9608266,5,1415277997
39.6455676,-79.9608246,5,1415278061
39.6455804,-79.960832,5,1415278124
39.6455686,-79.9608078,5,1415278190
39.6456052,-79.9608244,5,1415278253
39.6455714,-79.9608258,5,1415278316
39.6455684,-79.9608298,5,1415278380
39.6455426,-79.960814,5,1415278447
39.6455806,-79.960801,5,1415278512
39.6456112,-79.9608092,5,1415278575
39.645612,-79.960822,5,1415278639
39.64561,-79.9608196,5,1415278705
39.6455908,-79.960844,5,1415278769
39.6456046,-79.9608564,5,1415278833
39.6456052,-79.9608432,5,1415278897
39.6455966,-79.960847,5,1415278961
39.6455852,-79.960848,5,1415279025
39.645572,-79.9608264,5,1415279089
39.645569,-79.960824333333,6,1415279153
39.645563,-79.960826333333,6,1415279217
39.6455694,-79.9608238,5,1415279281
39.645572,-79.960829,5,1415279345
39.6455705,-79.960829833333,6,1415279409
39.645581333333,-79.960834166667,6,1415279473
39.645585333333,-79.960829333333,6,1415279538
39.645581,-79.960839333333,6,1415279602
39.645578833333,-79.960841333333,6,1415279666
39.645577166667,-79.960836166667,6,1415279730
39.645598166667,-79.960927333333,6,1415279795
39.645585166667,-79.960875666667,6,1415279858
39.645584,-79.960879666667,6,1415279922
39.645581833333,-79.9608805,6,1415279986
39.645593,-79.960876333333,6,1415280050
39.645585833333,-79.960839333333,6,1415280114
39.6455836,-79.96084,5,1415280178
39.645591833333,-79.960828666667,6,1415280242
39.6455942,-79.960834,5,1415280306
39.6456004,-79.960826,5,1415280370
39.6456118,-79.9608086,5,1415280435
39.6456142,-79.9608188,5,1415280499
39.6456554,-79.9607986,5,1415280564
39.6456182,-79.9608272,5,1415280627
39.6456114,-79.9608356,5,1415280692
39.6455966,-79.9608384,5,1415280756
39.6455972,-79.9608394,5,1415280820
39.6456206,-79.960852,5,1415280884
39.6456086,-79.960835,5,1415280955
39.645601,-79.9608344,5,1415281020
39.6455878,-79.960837,5,1415281080
39.6455788,-79.960846,5,1415281145
39.6455658,-79.9608488,5,1415281210
39.6455738,-79.9608494,5,1415281274
39.6455812,-79.9608434,5,1415281339
39.6455902,-79.9608396,5,1415281407
39.645591666667,-79.960841666667,6,1415281472
39.645548833333,-79.960876833333,6,1415281551
39.645538833333,-79.9608805,6,1415281616
39.645527,-79.960959833333,6,1415281681
39.645521333333,-79.960961,6,1415281745
39.645540833333,-79.961004333333,6,1415281815
