39.6455325,-79.960871666667,6,1417064416
39.645583,-79.960832833333,6,1417064480
39.645493833333,-79.960814833333,6,1417064544
39.6455868,-79.9608026,5,1417064615
39.6455782,-79.9608192,5,1417064679
39.6455592,-79.9607946,5,1417064742
39.6455382,-79.960783,5,1417064806
39.6455498,-79.960804,5,1417064870
39.6455336,-79.9607888,5,1417064933
39.6455586,-79.960717,5,1417065005
39.645531,-79.9607904,5,1417065068
39.6455404,-79.9607924,5,1417065132
39.6455342,-79.9607862,5,1417065197
39.6455442,-79.9607934,5,1417065261
39.645535,-79.960766666667,6,1417065325
39.645539833333,-79.960775833333,6,1417065386
39.645529833333,-79.960791666667,6,1417065450
39.645531833333,-79.960793833333,6,1417065514
39.645536166667,-79.960803833333,6,1417065578
39.645519,-79.960798666667,6,1417065646
39.6455388,-79.9607946,5,1417065710
39.6455058,-79.9607968,5,1417065785
39.6454608,-79.9607824,5,1417065849
39.645492,-79.960793,5,1417065944
39.6454914,-79.9607836,5,1417066008
39.6455336,-79.960784,5,1417066072
39.6455652,-79.9607954,5,1417066136
39.64555925,-79.9607865,4,1417066223
39.6455876,-79.960808,5,1417066289
39.6455942,-79.960826,5,1417066349
39.6455996,-79.9608324,5,1417066413
39.6456106,-79.9608558,5,1417066477
39.645613833333,-79.960841,6,1417066541
39.645604333333,-79.960835333333,6,1417066605
39.6456044,-79.9608252,5,1417066668
39.6455888,-79.9608196,5,1417066732
39.6455618,-79.9607936,5,1417066804
39.6455474,-79.960795,5,1417066867
39.6455448,-79.960809,5,1417066930
39.6455252,-79.9608296,5,1417066994
39.6455442,-79.9607952,5,1417067058
39.6455648,-79.9607792,5,1417067130
39.6455456,-79.9607364,5,1417067193
39.6455042,-79.9606822,5,1417067257
39.645466,-79.9606536,5,1417067321
39.6454582,-79.9607304,5,1417067385
39.6454972,-79.9607938,5,1417067448
39.6455534,-79.960851,5,1417067512
39.6455508,-79.96092,5,1417067594
39.6455448,-79.960884,5,1417067658
39.6455528,-79.9608762,5,1417067721
39.6455172,-79.9608566,5,1417067825
39.6455146,-79.9608624,5,1417067889
39.6455288,-79.960875,5,1417067953
39.645519,-79.9608896,5,1417068018
39.6454946,-79.9608938,5,1417068109
39.6455228,-79.9608736,5,1417068185
39.645543,-79.960836,5,1417068249
39.645579833333,-79.960816666667,6,1417068344
39.645571833333,-79.960768333333,6,1417068408
39.645549666667,-79.960754666667,6,1417068503
39.6455345,-79.960747666667,6,1417068566
39.6455174,-79.9607496,5,1417068640
39.6455366,-79.96079,5,1417068704
39.6455526,-79.9607842,5,1417068777
39.6455572,-79.9608074,5,1417068843
39.6455518,-79.9608056,5,1417068923
39.6455586,-79.9608112,5,1417068985
39.6455434,-79.9608256,5,1417069048
39.6455902,-79.9607766,5,1417069113
39.645557,-79.9607836,5,1417069176
39.6454838,-79.9607142,5,1417069239
39.6454554,-79.9607166,5,1417069303
39.645489,-79.9606874,5,1417069366
39.6454545,-79.96076,6,1417069444
39.6454498,-79.9607506,5,1417069508
39.6454774,-79.9607734,5,1417069573
39.6454918,-79.9607818,5,1417069654
39.6455212,-79.9608024,5,1417069716
39.6455706,-79.9608032,5,1417069805
39.64559,-79.960842833333,6,1417069890
39.645599,-79.9608824,5,1417069959
39.6455986,-79.9608846,5,1417070024
39.6455748,-79.9609064,5,1417070088
39.6455545,-79.960812,6,1417070187
39.6455925,-79.960777833333,6,1417070251
39.645593833333,-79.960736666667,6,1417070314
39.645596,-79.960719166667,6,1417070377
39.645597333333,-79.960721833333,6,1417070440
39.645573166667,-79.960718666667,6,1417070504
39.645547166667,-79.960748333333,6,1417070566
39.645553833333,-79.960740166667,6,1417070631
39.6455965,-79.9607885,6,1417070705
39.645591,-79.9607695,6,1417070769
39.645612833333,-79.960807833333,6,1417070832
39.645627,-79.960790166667,6,1417070906
39.6456445,-79.960742833333,6,1417070985
39.645656333333,-79.9607495,6,1417071049
39.645667333333,-79.960781833333,6,1417071124
39.6456274,-79.9607614,5,1417071202
39.6455934,-79.9608252,5,1417071277
39.6455866,-79.9608232,5,1417071339
39.6455876,-79.9608726,5,1417071404
39.645639,-79.9609298,5,1417071468
39.64567725,-79.96097575,4,1417071543
39.6456744,-79.9609146,5,1417071632
39.645632,-79.9607986,5,1417071723
39.6456362,-79.9607162,5,1417071788
39.6456242,-79.960722,5,1417071851
39.6456174,-79.9608178,5,1417071916
39.645561,-79.960786833333,6,1417071988
39.6455284,-79.9608488,5,1417072059
39.6455428,-79.9608564,5,1417072132
39.645543,-79.9608358,5,1417072205
39.6455564,-79.9607872,5,1417072271
39.645539,-79.9608048,5,1417072333
39.6455382,-79.960796,5,1417072398
39.6455356,-79.9608002,5,1417072461
39.6455358,-79.9608224,5,1417072531
39.645499,-79.9607768,5,1417072593
39.645458,-79.9607508,5,1417072658
39.6454842,-79.9607674,5,1417072722
39.645518,-79.9607666,5,1417072786
39.64551,-79.9607774,5,1417072850
39.6455512,-79.9608428,5,1417072925
39.6455218,-79.96079,5,1417072987
39.6455478,-79.9607638,5,1417073050
39.6455814,-79.9608566,5,1417073114
39.6455502,-79.9608756,5,1417073177
39.6455226,-79.9608582,5,1417073250
39.645559833333,-79.960870833333,6,1417073333
39.6456322,-79.9608854,5,1417073430
39.6456374,-79.9609466,5,1417073494
39.6456292,-79.9609064,5,1417073562
39.6455806,-79.9607698,5,1417073645
39.6455826,-79.9607742,5,1417073708
39.645555333333,-79.960803666667,6,1417073789
39.6455576,-79.9607882,5,1417073853
39.6455075,-79.96086,6,1417073917
39.645491333333,-79.960906166667,6,1417073981
39.645497333333,-79.960907,6,1417074045
39.645512833333,-79.960853333333,6,1417074108
39.645464666667,-79.960907833333,6,1417074183
39.645511666667,-79.960772833333,6,1417074249
39.645560666667,-79.9606585,6,1417074331
39.645563166667,-79.9606585,6,1417074393
39.645582166667,-79.96068,6,1417074458
39.645631333333,-79.960652833333,6,1417074522
39.645597666667,-79.960750666667,6,1417074586
39.645534833333,-79.960806666667,6,1417074650
39.645542333333,-79.960826333333,6,1417074723
39.6455186,-79.9608444,5,1417074806
39.6455168,-79.9608468,5,1417074871
39.6455072,-79.9608562,5,1417074935
39.6455114,-79.9608582,5,1417074999
39.6455156,-79.9608596,5,1417075098
39.6455162,-79.9608598,5,1417075162
39.6455158,-79.960862,5,1417075230
39.645525666667,-79.960854,6,1417075293
39.645514666667,-79.960870333333,6,1417075355
39.645574666667,-79.960887666667,6,1417075420
39.6455412,-79.9609184,5,1417075506
39.645541833333,-79.9609305,6,1417075590
39.645517166667,-79.9609105,6,1417075652
39.645518,-79.960982,5,1417075725
39.6455292,-79.960908,5,1417075789
39.645501,-79.9609806,5,1417075865
39.6455402,-79.9609732,5,1417075927
39.6455468,-79.9610348,5,1417076004
39.6455515,-79.961008,6,1417076068
39.6455515,-79.960996333333,6,1417076132
39.645533166667,-79.960921333333,6,1417076196
39.645500333333,-79.960917666667,6,1417076260
39.645561666667,-79.960805166667,6,1417076324
39.6455605,-79.960805666667,6,1417076388
39.645532833333,-79.9608775,6,1417076465
39.645541833333,-79.960865,6,1417076530
39.645509,-79.960867,5,1417076594
39.6454884,-79.960872,5,1417076658
39.64549475,-79.9608585,4,1417076722
39.64546775,-79.96086375,4,1417076788
39.6454762,-79.9607918,5,1417076885
39.6454774,-79.9607946,5,1417076947
39.645437,-79.9608318,5,1417077030
39.645423,-79.960849666667,6,1417077094
39.6454525,-79.960936333333,6,1417077158
39.64545,-79.960885666667,6,1417077222
39.645467666667,-79.960900166667,6,1417077286
39.6455136,-79.9608852,5,1417077391
39.6454464,-79.9609194,5,1417077453
39.645486333333,-79.960879,6,1417077516
39.6454596,-79.9609524,5,1417077581
39.6454758,-79.9608956,5,1417077645
39.6454688,-79.9608594,5,1417077724
39.6454822,-79.9608752,5,1417077788
39.6455102,-79.9608256,5,1417077870
39.645507,-79.960893,5,1417077934
39.645525,-79.9608706,5,1417077998
39.6455415,-79.960820166667,6,1417078062
39.645525333333,-79.960832166667,6,1417078126
39.645529166667,-79.9608225,6,1417078204
39.645540333333,-79.960810666667,6,1417078268
39.645561666667,-79.9607965,6,1417078332
39.645567,-79.960807166667,6,1417078394
39.645564333333,-79.960805166667,6,1417078458
39.6455528,-79.960816,5,1417078522
39.645534,-79.9608302,5,1417078585
39.645518,-79.9608484,5,1417078685
39.645517,-79.9608534,5,1417078749
39.6455184,-79.9608548,5,1417078829
39.6455238,-79.9607466,5,1417078921
39.6455136,-79.960908,5,1417078984
39.6455068,-79.9609002,5,1417079049
39.6454824,-79.960944,5,1417079116
39.645498666667,-79.960925666667,6,1417079189
39.645537666667,-79.960952166667,6,1417079253
39.645492833333,-79.960975,6,1417079317
39.645473,-79.961041,6,1417079379
39.645474166667,-79.961008,6,1417079444
39.645470166667,-79.961015333333,6,1417079507
39.645466166667,-79.960938833333,6,1417079585
39.645468333333,-79.960894333333,6,1417079647
39.645492166667,-79.960879666667,6,1417079723
39.6455255,-79.960862333333,6,1417079788
39.6455782,-79.960873,5,1417079883
39.645585166667,-79.960903666667,6,1417079961
39.645552,-79.960856,6,1417080022
39.645509333333,-79.960866166667,6,1417080085
39.6454878,-79.9608602,5,1417080148
39.6454558,-79.9608856,5,1417080210
39.645479,-79.9608512,5,1417080274
39.6454904,-79.9609422,5,1417080336
39.64550875,-79.960932,4,1417080400
39.6455004,-79.9609674,5,1417080462
39.6455128,-79.960994,5,1417080525
39.645520333333,-79.9609865,6,1417080628
39.645506666667,-79.960953,6,1417080692
39.645492833333,-79.9609145,6,1417080755
39.6455195,-79.960873166667,6,1417080819
39.645506,-79.9608846,5,1417080912
39.645474,-79.9609335,4,1417080995
39.64548375,-79.960962,4,1417081058
39.6454595,-79.9610195,4,1417081121
39.6454468,-79.9610158,5,1417081183
39.6455106,-79.9609304,5,1417081248
39.6454902,-79.9609822,5,1417081325
39.6455046,-79.960953,5,1417081389
39.645489,-79.9609786,5,1417081453
39.6454962,-79.9609674,5,1417081530
39.6455114,-79.9609426,5,1417081594
39.6454986,-79.9608776,5,1417081658
39.645514666667,-79.960908,6,1417081722
39.645545666667,-79.960936,6,1417081786
39.645549833333,-79.96095,6,1417081865
39.645545666667,-79.960937,6,1417081927
39.645545833333,-79.960917166667,6,1417081992
39.645549333333,-79.960906333333,6,1417082055
39.645519,-79.960848166667,6,1417082119
39.645541333333,-79.9608455,6,1417082183
39.6455368,-79.960853,5,1417082285
39.645575,-79.9608038,5,1417082349
39.6455622,-79.9608418,5,1417082430
39.645561666667,-79.9608425,6,1417082521
39.645574333333,-79.960824166667,6,1417082585
39.645581166667,-79.960771333333,6,1417082649
39.6455665,-79.960792666667,6,1417082714
39.645529166667,-79.960802166667,6,1417082784
39.645511333333,-79.960819166667,6,1417082848
39.6455362,-79.9608246,5,1417082912
39.6455026,-79.960873,5,1417083025
39.6455432,-79.9608386,5,1417083105
39.6455638,-79.9608342,5,1417083169
39.6456134,-79.9607724,5,1417083245
39.6455846,-79.9607964,5,1417083323
39.6455946,-79.9607912,5,1417083391
39.6455986,-79.960784,5,1417083455
39.6455312,-79.9607194,5,1417083540
39.6454916,-79.9606618,5,1417083604
39.6454784,-79.960675,5,1417083668
39.6454254,-79.9606214,5,1417083731
39.6454706,-79.9606816,5,1417083795
39.6455106,-79.9607448,5,1417083859
39.645532333333,-79.960824333333,6,1417083924
39.6455675,-79.960834166667,6,1417083988
39.6456095,-79.960878833333,6,1417084051
39.6456354,-79.9609258,5,1417084116
39.6456245,-79.960909166667,6,1417084179
39.645589,-79.9607632,5,1417084244
39.6455606,-79.9607988,5,1417084339
39.6455664,-79.9608372,5,1417084402
39.6455632,-79.9607654,5,1417084466
39.6455474,-79.9606966,5,1417084530
39.645564166667,-79.96072,6,1417084594
39.645561,-79.960714,5,1417084658
39.6455384,-79.9606948,5,1417084722
39.6455448,-79.9607686,5,1417084785
39.6455654,-79.9608424,5,1417084848
39.645563,-79.9608335,4,1417084924
39.6455755,-79.96083325,4,1417085015
39.6455922,-79.9607902,5,1417085107
39.6455932,-79.9607842,5,1417085187
39.645616166667,-79.960809,6,1417085251
39.6456305,-79.960807666667,6,1417085314
39.645640666667,-79.96082,6,1417085378
39.645652833333,-79.960804666667,6,1417085466
39.645636,-79.960773,6,1417085530
39.645552333333,-79.9606545,6,1417085593
39.645594833333,-79.960647666667,6,1417085657
39.6456302,-79.960729,5,1417085725
39.6455318,-79.960698,5,1417085789
39.6455446,-79.9607856,5,1417085853
39.6454854,-79.9607786,5,1417085916
39.645523,-79.9608284,5,1417085980
39.6455792,-79.960809,5,1417086043
39.6455736,-79.9607408,5,1417086107
39.6455946,-79.9607468,5,1417086184
39.645564,-79.9607842,5,1417086247
39.6455622,-79.9608354,5,1417086311
39.6455368,-79.9608196,5,1417086403
39.645547,-79.9608872,5,1417086483
39.6455948,-79.9607598,5,1417086553
39.6455855,-79.96069725,4,1417086617
39.645669,-79.9608245,4,1417086681
39.6456965,-79.96082775,4,1417086764
39.645674,-79.9608336,5,1417086828
39.645647166667,-79.960809166667,6,1417086925
39.6455638,-79.9608088,5,1417087064
39.6455436,-79.9607926,5,1417087127
39.645527,-79.9607676,5,1417087205
39.6455116,-79.960818,5,1417087267
39.6455592,-79.9608558,5,1417087331
39.64556,-79.9608456,5,1417087395
39.645579,-79.9608364,5,1417087458
39.6455574,-79.960796,5,1417087521
39.6455726,-79.9608032,5,1417087583
39.6455736,-79.960798,5,1417087646
39.6456254,-79.9608422,5,1417087710
39.6456054,-79.9608788,5,1417087774
39.6455516,-79.960838,5,1417087838
39.6455826,-79.9608448,5,1417087907
39.645587,-79.9608036,5,1417087974
39.6456226,-79.9608164,5,1417088043
39.6456184,-79.9608178,5,1417088106
39.6456126,-79.9607946,5,1417088170
39.6456138,-79.9607978,5,1417088234
39.6455916,-79.9608704,5,1417088298
39.6456306,-79.9609304,5,1417088390
39.6455956,-79.960854,5,1417088465
39.6456286,-79.9609188,5,1417088529
39.645645,-79.960898666667,6,1417088629
39.64563,-79.9609618,5,1417088731
39.6456092,-79.960991,5,1417088830
39.6456486,-79.960841,5,1417088894
39.6456598,-79.9609166,5,1417088959
39.6456998,-79.9608456,5,1417089023
39.6456646,-79.960878,5,1417089124
39.6455966,-79.9610512,5,1417089186
39.6456012,-79.9610284,5,1417089249
39.645624333333,-79.961038166667,6,1417089348
39.645651166667,-79.9609975,6,1417089425
39.6456562,-79.96099,5,1417089489
39.6456586,-79.9609352,5,1417089553
39.6456632,-79.9608458,5,1417089631
39.645650666667,-79.960819833333,6,1417089695
39.645619333333,-79.960841166667,6,1417089759
39.6456068,-79.96086,5,1417089854
39.6456098,-79.9608522,5,1417089932
39.645615,-79.9608386,5,1417089996
39.6456302,-79.9608136,5,1417090069
39.64563,-79.9608094,5,1417090144
39.645671,-79.9608006,5,1417090208
39.6456514,-79.9608786,5,1417090271
39.64565525,-79.960944,4,1417090355
39.645683,-79.9610295,4,1417090444
39.64560075,-79.96084725,4,1417090523
39.6456395,-79.9608005,4,1417090589
39.6456374,-79.9608124,5,1417090653
39.6456158,-79.9607216,5,1417090717
39.6455972,-79.9609146,5,1417090812
39.6455972,-79.9609132,5,1417090899
39.6456964,-79.9607394,5,1417090963
39.64562,-79.9609496,5,1417091027
39.64563,-79.960965,5,1417091104
39.6456414,-79.960941,5,1417091167
39.6456188,-79.9609576,5,1417091231
39.645586,-79.9609754,5,1417091294
39.6455608,-79.9609868,5,1417091357
39.645567333333,-79.960971,6,1417091429
39.645588,-79.9609326,5,1417091524
39.6455848,-79.960903,5,1417091591
39.6456112,-79.9608972,5,1417091654
39.6456006,-79.960901,5,1417091717
39.6456064,-79.960841,5,1417091781
39.6456472,-79.9607776,5,1417091844
39.645689833333,-79.9607155,6,1417091907
39.645746,-79.960618,5,1417091982
39.645710166667,-79.960639666667,6,1417092045
39.645693333333,-79.960647833333,6,1417092109
39.6456068,-79.9607526,5,1417092184
39.64559475,-79.96082775,4,1417092250
39.6455245,-79.9609165,4,1417092328
39.6456304,-79.9608464,5,1417092486
39.6456096,-79.9606718,5,1417092577
39.645602,-79.9607815,6,1417092668
39.645600666667,-79.960725,6,1417092732
39.645550666667,-79.9608205,6,1417092796
39.645543166667,-79.960804833333,6,1417092865
39.645538,-79.960811833333,6,1417092937
39.64552775,-79.9608355,4,1417093024
39.64556075,-79.9608475,4,1417093087
39.6455675,-79.960853,4,1417093150
39.6455594,-79.9608562,5,1417093230
39.645528833333,-79.960892833333,6,1417093294
39.645527666667,-79.960884333333,6,1417093384
39.645536333333,-79.960868833333,6,1417093448
39.645551166667,-79.960864833333,6,1417093512
39.645546833333,-79.960891166667,6,1417093575
39.645553333333,-79.960860166667,6,1417093639
39.645567333333,-79.9608565,6,1417093708
39.645558666667,-79.960775,6,1417093771
39.64557,-79.960755,5,1417093847
39.6456528,-79.960661,5,1417093911
39.645671,-79.9606432,5,1417093982
39.6456936,-79.9607342,5,1417094046
39.6456072,-79.9607948,5,1417094124
39.6455856,-79.9607704,5,1417094190
39.6455474,-79.9607824,5,1417094253
39.6455136,-79.9608218,5,1417094353
39.645494,-79.9608415,6,1417094429
39.64546,-79.96095,6,1417094493
39.64549,-79.960786,6,1417094557
39.645462833333,-79.960865,6,1417094620
39.645494166667,-79.960843833333,6,1417094684
39.6455045,-79.9608295,6,1417094747
39.645527333333,-79.960822,6,1417094813
39.645525666667,-79.960816,6,1417094884
39.645544833333,-79.960815333333,6,1417094946
39.6455605,-79.96082,6,1417095028
39.6455548,-79.9608236,5,1417095131
39.6455446,-79.9608264,5,1417095194
39.6455524,-79.9608294,5,1417095257
39.6455688,-79.9608398,5,1417095319
39.6455816,-79.960839,5,1417095384
39.6455902,-79.960842,5,1417095447
39.645479833333,-79.960815166667,6,1417095510
39.645404333333,-79.960788666667,6,1417095572
39.645425333333,-79.960775333333,6,1417095636
39.6454565,-79.960797666667,6,1417095699
39.645415166667,-79.960827666667,6,1417095762
39.6454685,-79.960806833333,6,1417095826
39.6454864,-79.960948,5,1417095915
39.6454466,-79.9609166,5,1417095982
39.645478,-79.9608622,5,1417096046
39.645529,-79.9608436,5,1417096109
39.6455834,-79.9607752,5,1417096172
39.645620166667,-79.960723333333,6,1417096264
39.645603833333,-79.960774333333,6,1417096327
39.645586666667,-79.960787333333,6,1417096391
39.645574833333,-79.960765833333,6,1417096455
39.645565166667,-79.9607635,6,1417096517
39.645568833333,-79.960772166667,6,1417096580
39.645567333333,-79.960779666667,6,1417096645
39.6455725,-79.960787833333,6,1417096709
39.645581333333,-79.960798,6,1417096773
39.645596833333,-79.960807833333,6,1417096837
39.645601833333,-79.9608065,6,1417096900
39.645601333333,-79.960771166667,6,1417096964
39.645588333333,-79.9607425,6,1417097028
39.6455912,-79.960726,5,1417097104
39.6455838,-79.9607286,5,1417097168
39.6456038,-79.960713,5,1417097232
39.6456425,-79.960742,6,1417097313
39.645671666667,-79.9607645,6,1417097377
39.645662666667,-79.960748166667,6,1417097441
39.645616,-79.960726,6,1417097506
39.6454555,-79.960707833333,6,1417097574
39.645489333333,-79.960730666667,6,1417097642
39.645561666667,-79.960788166667,6,1417097706
39.645532166667,-79.960818833333,6,1417097768
39.645511833333,-79.960848166667,6,1417097833
39.6455292,-79.960858,5,1417097895
39.6455454,-79.9608228,5,1417097960
39.6456282,-79.9607846,5,1417098023
39.6456728,-79.96079,5,1417098089
39.645694,-79.9608476,5,1417098153
39.645704333333,-79.960837833333,6,1417098217
39.6456918,-79.960868,5,1417098279
39.6456356,-79.9607896,5,1417098343
39.6455766,-79.960791,5,1417098424
39.6455198,-79.9607972,5,1417098488
39.645439,-79.9608102,5,1417098552
39.6454632,-79.960882,5,1417098615
39.645495,-79.9608464,5,1417098679
39.6455058,-79.9607974,5,1417098742
39.6455155,-79.96075,6,1417098808
39.645506833333,-79.9607185,6,1417098872
39.645515833333,-79.960696333333,6,1417098935
39.645507833333,-79.960680833333,6,1417098999
39.645493,-79.960624,6,1417099063
39.6454865,-79.960631666667,6,1417099126
39.6454902,-79.960665,5,1417099205
39.6454908,-79.9606496,5,1417099269
39.6454992,-79.9606758,5,1417099332
39.64549,-79.960725,5,1417099394
39.6454954,-79.960764,5,1417099458
39.6454894,-79.9608034,5,1417099529
39.6454574,-79.9607676,5,1417099593
39.645463,-79.9607806,5,1417099655
39.6455222,-79.9607824,5,1417099718
39.6454764,-79.9607878,5,1417099781
39.645475333333,-79.960747666667,6,1417099844
39.645534333333,-79.960719833333,6,1417099923
39.6455305,-79.960717166667,6,1417100045
39.645515333333,-79.960751333333,6,1417100108
39.645513,-79.960757833333,6,1417100172
39.6455115,-79.960759333333,6,1417100248
39.6455428,-79.960746,5,1417100313
39.645468833333,-79.960686,6,1417100386
39.645459666667,-79.960771666667,6,1417100451
39.6454582,-79.9607772,5,1417100531
39.645463333333,-79.960758166667,6,1417100595
39.6454898,-79.9607508,5,1417100658
39.645501,-79.96075,5,1417100722
39.6455,-79.9607496,5,1417100782
39.6454528,-79.9607422,5,1417100845
39.6454114,-79.9606784,5,1417100906
39.6453954,-79.9606572,5,1417100971
39.6454246,-79.9606714,5,1417101034
39.645452,-79.960675,4,1417101098
39.645491,-79.9607042,5,1417101161
39.6455348,-79.9607962,5,1417101225
39.645520333333,-79.960809833333,6,1417101322
39.645508,-79.960826666667,6,1417101389
39.645483833333,-79.960833833333,6,1417101452
39.645370666667,-79.960668833333,6,1417101515
39.6453516,-79.9606334,5,1417101578
39.6452748,-79.960523,5,1417101662
39.6452202,-79.9604254,5,1417101725
39.645156,-79.9603148,5,1417101788
39.645238,-79.9603962,5,1417101851
39.64527725,-79.96043575,4,1417101914
39.645323,-79.96048275,4,1417101980
39.64536975,-79.96055225,4,1417102060
39.6453954,-79.9606218,5,1417102123
39.6454398,-79.9607178,5,1417102188
39.6454728,-79.9607766,5,1417102265
39.6455066,-79.9608378,5,1417102329
39.6455072,-79.9608206,5,1417102413
39.6454902,-79.9608246,5,1417102476
39.6454638,-79.9608274,5,1417102540
39.6454418,-79.9608194,5,1417102603
39.645423,-79.960814,5,1417102667
39.645412666667,-79.960695833333,6,1417102769
39.645353,-79.9606705,6,1417102832
39.645320333333,-79.960668833333,6,1417102896
39.645296,-79.9605638,5,1417102985
39.645388,-79.9606986,5,1417103050
39.6454948,-79.960734,5,1417103130
39.6454778,-79.9606872,5,1417103225
39.6455466,-79.9608548,5,1417103289
39.6455184,-79.9607674,5,1417103352
39.6454648,-79.9607064,5,1417103416
39.645454333333,-79.9607115,6,1417103480
39.645472666667,-79.960749833333,6,1417103545
39.6453014,-79.96058,5,1417103610
39.6453576,-79.9606566,5,1417103704
39.645388,-79.9606812,5,1417103767
39.6453868,-79.9606524,5,1417103854
39.6454174,-79.9606844,5,1417103944
39.6454355,-79.9607165,4,1417104030
39.6454952,-79.9607374,5,1417104094
39.6455296,-79.9608202,5,1417104184
39.645533,-79.960835,5,1417104246
39.645529,-79.9608198,5,1417104309
39.645473,-79.9608194,5,1417104373
39.6455332,-79.9608346,5,1417104452
39.6455792,-79.960869,5,1417104515
39.645603,-79.9608504,5,1417104578
39.6456406,-79.9608612,5,1417104641
39.6455954,-79.9608352,5,1417104704
39.6455294,-79.9607278,5,1417104784
39.645553833333,-79.960744833333,6,1417104847
39.645510166667,-79.960778666667,6,1417104923
39.645553666667,-79.960762,6,1417104987
39.645504666667,-79.960644333333,6,1417105051
39.645592,-79.960793333333,6,1417105143
39.645581833333,-79.960775833333,6,1417105205
39.6455314,-79.9607312,5,1417105298
39.645573,-79.9607842,5,1417105359
39.6455836,-79.9607706,5,1417105423
39.6455286,-79.9607434,5,1417105487
39.645578,-79.960751,5,1417105564
39.645591833333,-79.960754666667,6,1417105628
39.645636166667,-79.960770166667,6,1417105692
39.645671166667,-79.960789166667,6,1417105756
39.6456872,-79.9608346,5,1417105830
39.645706,-79.9608618,5,1417105925
39.645675833333,-79.960848333333,6,1417106019
39.645655333333,-79.960842166667,6,1417106105
39.645683333333,-79.960836,6,1417106169
39.645630833333,-79.960825333333,6,1417106231
39.645613333333,-79.960822333333,6,1417106296
39.645610833333,-79.960823,6,1417106360
39.6456028,-79.9608248,5,1417106422
39.64566,-79.9608202,5,1417106487
39.645639,-79.9607965,6,1417106584
39.645608666667,-79.960770666667,6,1417106650
39.6455916,-79.9607982,5,1417106732
39.6455702,-79.9607826,5,1417106796
39.6455732,-79.960763,5,1417106874
39.645598666667,-79.960776833333,6,1417106944
39.645585,-79.9607925,6,1417107008
39.645590833333,-79.960795,6,1417107071
39.6455195,-79.960856333333,6,1417107144
39.6455835,-79.9608255,6,1417107207
39.6455695,-79.960828,6,1417107275
39.645584833333,-79.960823666667,6,1417107348
39.6456592,-79.9607848,5,1417107436
39.645645166667,-79.960795333333,6,1417107499
39.645575333333,-79.960841833333,6,1417107562
39.6456005,-79.960825166667,6,1417107626
39.645574333333,-79.960832333333,6,1417107689
39.6456206,-79.9608676,5,1417107784
39.64561,-79.9608706,5,1417107847
39.6456016,-79.9608526,5,1417107911
39.6455962,-79.9608484,5,1417107974
39.6455886,-79.9608464,5,1417108038
39.645668,-79.9608022,5,1417108102
39.645703,-79.9607636,5,1417108178
39.6457056,-79.960719,5,1417108242
39.645710666667,-79.960759166667,6,1417108323
39.645640833333,-79.9607845,6,1417108388
39.645617333333,-79.960813,6,1417108451
39.645592333333,-79.960808,6,1417108524
39.645622166667,-79.960801666667,6,1417108589
39.645599333333,-79.960774333333,6,1417108652
39.645593333333,-79.960769,6,1417108715
39.645598833333,-79.960776333333,6,1417108778
39.645514833333,-79.960776666667,6,1417108845
39.645504333333,-79.960770166667,6,1417108916
39.6454828,-79.9607682,5,1417108978
39.6455124,-79.9607746,5,1417109040
39.6454692,-79.960795,5,1417109104
39.6456358,-79.9607656,5,1417109167
39.6455272,-79.960792,5,1417109230
39.6456212,-79.960684,5,1417109301
39.645504,-79.9607518,5,1417109366
39.6454714,-79.9607994,5,1417109431
39.6454986,-79.9608204,5,1417109495
39.6455142,-79.9607964,5,1417109566
39.6455392,-79.9607972,5,1417109630
39.6455442,-79.960798,5,1417109704
39.6455542,-79.9607934,5,1417109768
39.6456056,-79.9608714,5,1417109837
39.6456096,-79.9608646,5,1417109901
39.6456092,-79.9608558,5,1417109965
39.6456022,-79.96086,5,1417110029
39.6455808,-79.960825,5,1417110094
39.645651166667,-79.9607985,6,1417110156
39.645620666667,-79.960791,6,1417110218
39.645585833333,-79.96079,6,1417110280
39.6455755,-79.960822333333,6,1417110345
39.645597333333,-79.960858,6,1417110407
39.645583166667,-79.9608395,6,1417110478
39.645603666667,-79.960815166667,6,1417110542
39.645582833333,-79.960781,6,1417110605
39.645644166667,-79.960762333333,6,1417110669
39.645624166667,-79.960771166667,6,1417110736
39.645601333333,-79.960765666667,6,1417110801
39.645524166667,-79.960776833333,6,1417110865
39.645449333333,-79.960781666667,6,1417110927
39.645501666667,-79.9607925,6,1417110992
39.6454544,-79.960754,5,1417111083
39.6455012,-79.9607576,5,1417111147
39.6455308,-79.9607404,5,1417111212
39.6454978,-79.9607822,5,1417111275
39.645536,-79.9607352,5,1417111340
39.6455394,-79.9607428,5,1417111404
39.6455316,-79.9606572,5,1417111480
39.6455012,-79.9606556,5,1417111546
39.6454504,-79.960669,5,1417111610
39.645503666667,-79.960738,6,1417111677
39.6455415,-79.96076725,4,1417111749
39.64556125,-79.9607825,4,1417111824
39.6455855,-79.96080575,4,1417111893
39.6455298,-79.9607374,5,1417111958
39.6454926,-79.9606956,5,1417112022
39.6454788,-79.9606758,5,1417112086
39.6454982,-79.9606856,5,1417112163
39.645497166667,-79.960691333333,6,1417112227
39.645540333333,-79.960704666667,6,1417112292
39.645561,-79.9607388,5,1417112356
39.6456056,-79.9607866,5,1417112421
39.645586833333,-79.960782333333,6,1417112481
39.645588,-79.960776666667,6,1417112544
39.6455794,-79.9607568,5,1417112607
39.645578,-79.960808,5,1417112670
39.6455712,-79.9607906,5,1417112733
39.6455534,-79.9608176,5,1417112796
39.6455684,-79.960868,5,1417112858
39.6454906,-79.9608556,5,1417112923
39.645586833333,-79.9608505,6,1417113002
39.6455585,-79.960801333333,6,1417113066
39.645521833333,-79.960804166667,6,1417113130
39.645561833333,-79.9608205,6,1417113192
39.645599,-79.9608606,5,1417113263
39.6455794,-79.9608052,5,1417113326
39.645578,-79.9607408,5,1417113391
39.645561333333,-79.960794333333,6,1417113480
39.645567,-79.960791,6,1417113543
39.645564333333,-79.960808,6,1417113606
39.645573,-79.960802166667,6,1417113693
39.645665333333,-79.9608505,6,1417113764
39.64563,-79.960816,5,1417113850
39.645611833333,-79.960756166667,6,1417113928
39.6455156,-79.9607158,5,1417114031
39.6455534,-79.9607616,5,1417114093
39.645544666667,-79.960791666667,6,1417114156
39.645568666667,-79.960806333333,6,1417114219
39.645568666667,-79.960826666667,6,1417114283
39.645595833333,-79.960824333333,6,1417114345
39.645561666667,-79.960777333333,6,1417114410
39.645616333333,-79.960799166667,6,1417114474
39.645578333333,-79.960776833333,6,1417114536
39.6455688,-79.9607496,5,1417114634
39.645607166667,-79.9608355,6,1417114710
39.6455732,-79.96084,5,1417114772
39.645585,-79.9608452,5,1417114836
39.6456006,-79.96086,5,1417114900
39.6456042,-79.9608836,5,1417114964
39.6455146,-79.960734,5,1417115028
39.645501,-79.9606686,5,1417115091
39.645513,-79.9606604,5,1417115163
39.6454764,-79.9606522,5,1417115227
39.6455374,-79.9607576,5,1417115291
39.64556,-79.9608022,5,1417115374
39.6455346,-79.9607934,5,1417115438
39.6455626,-79.9607878,5,1417115502
39.645557833333,-79.960794166667,6,1417115566
39.645573666667,-79.9608185,6,1417115629
39.6456025,-79.960924666667,6,1417115693
39.6456074,-79.9609434,5,1417115757
39.6456864,-79.9609812,5,1417115821
39.6455534,-79.9608614,5,1417115884
39.6455682,-79.9608686,5,1417115958
39.645501,-79.9606646,5,1417116023
39.645535333333,-79.960740333333,6,1417116086
39.6455776,-79.960837,5,1417116157
39.645567,-79.9608768,5,1417116230
39.6456142,-79.9609712,5,1417116294
39.6456184,-79.9609732,5,1417116358
39.6455854,-79.9608584,5,1417116422
39.645591,-79.9607776,5,1417116487
39.64558,-79.9607686,5,1417116551
39.6455744,-79.9607704,5,1417116616
39.6455976,-79.9608522,5,1417116679
39.6455828,-79.9608258,5,1417116744
39.645584,-79.9608704,5,1417116808
39.6455892,-79.9610068,5,1417116877
39.645605666667,-79.960944166667,6,1417116959
39.645615666667,-79.9609695,6,1417117022
39.64548225,-79.960648,4,1417117086
39.6455678,-79.9607726,5,1417117150
39.6456236,-79.960825,5,1417117213
39.6455658,-79.9608252,5,1417117302
39.6455676,-79.9607846,5,1417117370
39.645588,-79.960858,5,1417117434
39.6455824,-79.9608584,5,1417117498
39.6455606,-79.9608648,5,1417117562
39.6455648,-79.9608646,5,1417117626
39.6455662,-79.9608252,5,1417117694
39.6455892,-79.9609296,5,1417117777
39.6455332,-79.960717,5,1417117888
39.645504833333,-79.960683,6,1417117951
39.645527,-79.9606985,6,1417118015
39.645513666667,-79.960635,6,1417118090
39.645557333333,-79.960768,6,1417118163
39.645576333333,-79.960819166667,6,1417118227
39.6455926,-79.9608696,5,1417118319
39.6455942,-79.960815,5,1417118384
39.6455808,-79.9607614,5,1417118459
39.6455894,-79.960814,5,1417118542
39.6455906,-79.9608142,5,1417118606
39.6455992,-79.960811,5,1417118670
39.6456102,-79.9608426,5,1417118732
39.6455616,-79.9607784,5,1417118795
39.6455466,-79.9608324,5,1417118859
39.6455495,-79.960901333333,6,1417118922
39.645535166667,-79.960806,6,1417118986
39.645537833333,-79.960804166667,6,1417119051
39.645543,-79.9608244,5,1417119120
39.6455878,-79.9608284,5,1417119200
39.6455826,-79.9608346,5,1417119264
39.6455804,-79.9608324,5,1417119328
39.645570333333,-79.960835166667,6,1417119414
39.645575833333,-79.960875333333,6,1417119480
39.6455725,-79.960836,6,1417119544
39.645538666667,-79.9608315,6,1417119612
39.645581333333,-79.960859166667,6,1417119676
39.645580166667,-79.960858833333,6,1417119755
39.645564,-79.960840666667,6,1417119820
39.645613,-79.9608654,5,1417119901
39.645555,-79.9607758,5,1417119965
39.6455866,-79.9608526,5,1417120029
39.64559,-79.9608132,5,1417120093
39.645596166667,-79.960857833333,6,1417120157
39.645587166667,-79.960866833333,6,1417120222
39.6455736,-79.9608482,5,1417120321
39.6455828,-79.9608472,5,1417120386
39.6455924,-79.9608166,5,1417120465
39.6456078,-79.9608826,5,1417120531
39.6456094,-79.9608806,5,1417120595
39.6456122,-79.9608828,5,1417120659
39.6455998,-79.9609268,5,1417120740
39.6456086,-79.9609116,5,1417120804
39.6456044,-79.9608764,5,1417120867
39.6455544,-79.960839,5,1417120932
39.645571333333,-79.9608615,6,1417120996
39.645586,-79.960823,6,1417121060
39.645569666667,-79.960779,6,1417121131
39.6455764,-79.9608228,5,1417121220
39.645579,-79.9608442,5,1417121285
39.6455765,-79.960853,4,1417121349
39.6456398,-79.9609118,5,1417121430
39.6456514,-79.960866,5,1417121495
39.6456575,-79.96086375,4,1417121559
39.6456244,-79.9608348,5,1417121623
39.6456256,-79.9608454,5,1417121687
39.645613,-79.9608422,5,1417121750
39.6455916,-79.9609082,5,1417121819
39.6455782,-79.9608554,5,1417121884
39.6455402,-79.960859,5,1417121982
39.6455526,-79.9608746,5,1417122046
39.6455464,-79.9607748,5,1417122111
39.6455416,-79.9608262,5,1417122176
39.6455266,-79.9608262,5,1417122240
39.6454832,-79.9608642,5,1417122304
39.6454796,-79.960865,5,1417122384
39.6455318,-79.960886,5,1417122448
39.6455372,-79.9608768,5,1417122511
39.6455856,-79.960868,5,1417122584
39.6455774,-79.9607782,5,1417122659
39.645558166667,-79.9608005,6,1417122732
39.645553166667,-79.960873166667,6,1417122802
39.6455225,-79.960895333333,6,1417122883
39.645537,-79.960848833333,6,1417122947
39.645501166667,-79.960802333333,6,1417123019
39.645508833333,-79.960846666667,6,1417123083
39.645505333333,-79.960793333333,6,1417123147
39.6455502,-79.9608638,5,1417123223
39.6455332,-79.96085,5,1417123287
39.6455592,-79.9608808,5,1417123351
39.6455445,-79.960895666667,6,1417123453
39.645591,-79.9609632,5,1417123515
39.6455404,-79.9608552,5,1417123579
39.6455045,-79.960855666667,6,1417123673
39.64554,-79.9608774,5,1417123738
39.645534,-79.9608782,5,1417123830
39.6455302,-79.9608946,5,1417123892
39.6455692,-79.9607484,5,1417123956
39.6455782,-79.9608274,5,1417124038
39.6456044,-79.9608506,5,1417124101
39.645616166667,-79.960852166667,6,1417124172
39.645550333333,-79.960853833333,6,1417124236
39.6455525,-79.960868333333,6,1417124301
39.645549666667,-79.960931333333,6,1417124365
39.6455055,-79.960835,6,1417124431
39.645518833333,-79.960787833333,6,1417124495
39.645520166667,-79.960769166667,6,1417124560
39.645524166667,-79.960728166667,6,1417124624
39.6454728,-79.960718,5,1417124699
39.6454672,-79.9607892,5,1417124761
39.6454398,-79.960758,5,1417124826
39.6454076,-79.9608224,5,1417124893
39.6454412,-79.9607718,5,1417124955
39.645511,-79.9608118,5,1417125020
39.645531666667,-79.960904333333,6,1417125083
39.6455705,-79.9609395,6,1417125148
39.6455994,-79.9609364,5,1417125212
39.645634,-79.960996,5,1417125275
39.6455702,-79.9609306,5,1417125340
39.645539,-79.9608674,5,1417125403
39.6455614,-79.9608368,5,1417125479
39.645556,-79.9608702,5,1417125543
39.6455798,-79.9608238,5,1417125620
39.6455914,-79.9608122,5,1417125684
39.6455448,-79.9608358,5,1417125748
39.645588666667,-79.960808666667,6,1417125839
39.6455796,-79.9608088,5,1417125920
39.64558375,-79.960804,4,1417125984
39.64558925,-79.96080825,4,1417126048
39.645567,-79.960816,2,1417126139
39.65115075,-80.004713,4,1417128990
39.6511635,-80.00473775,4,1417129073
39.6511485,-80.004737,4,1417129138
39.651133333333,-80.004715666667,3,1417129202
39.6512235,-80.0047325,2,1417129268
40.217400166667,-80.211834833333,6,1417134493
40.217440666667,-80.211775166667,6,1417134557
40.217443,-80.211767,6,1417134627
40.217383666667,-80.211817833333,6,1417134691
40.2173735,-80.211970166667,6,1417134768
40.2173604,-80.2119996,5,1417134890
40.2173158,-80.211944,5,1417134951
40.217328,-80.2119964,5,1417135016
40.2172904,-80.2120148,5,1417135090
40.2173514,-80.2119382,5,1417135151
40.217356,-80.2118358,5,1417135226
40.2173575,-80.211785,4,1417135308
40.217424666667,-80.211734666667,3,1417135372
40.217496,-80.2115905,2,1417135436
40.2170746,-80.2120024,5,1417135528
40.2170704,-80.212032,5,1417135593
40.2170696,-80.2120234,5,1417135669
40.2170712,-80.2120406,5,1417135734
40.2170778,-80.2120312,5,1417135798
40.2170778,-80.2120312,5,1417135864
40.217072,-80.2120492,5,1417135925
40.217072,-80.2120492,5,1417135990
40.2170654,-80.2120586,5,1417136054
40.217045833333,-80.212121666667,6,1417136131
40.2170555,-80.2120975,6,1417136208
40.2170734,-80.2121124,5,1417136298
40.217192,-80.2118472,5,1417136362
40.217371,-80.21138,4,1417136430
40.217495,-80.211169666667,3,1417136508
40.217496333333,-80.211184,3,1417136581
40.2174775,-80.211361,2,1417136645
40.683297,-80.10116,5,1417144791
40.683297,-80.10116,4,1417144860
40.683297,-80.10116,4,1417144924
40.683297,-80.10116,5,1417144985
40.685497,-80.105897,2,1417145048
40.685566,-80.1058915,2,1417145111
40.683297,-80.10116,3,1417145245
40.683297,-80.10116,2,1417145306
40.808476,-80.107854,3,1417148132
40.808476,-80.107854,3,1417148193
